9.331532589356216434e+00 9.331532589356216434e+00
-7.523736073320165474e+00 -7.523736073320165474e+00
-8.563951010999240054e+00 -8.563951010999240054e+00
-7.305753325909089213e+00 -7.305753325909089213e+00
-8.753335662555658203e+00 -8.753335662555658203e+00
-1.173197972407918854e+01 -1.173197972407918854e+01
7.664345747152296440e+00 7.664345747152296440e+00
-2.950543228390056782e+00 -2.950543228390056782e+00
nan nan
-5.642424521528077719e+00 -5.642424521528077719e+00
nan nan
-1.226642865217689859e+01 -1.226642865217689859e+01
-5.482918657575950760e+00 -5.482918657575950760e+00
nan nan
-1.212384303812542896e+01 -1.212384303812542896e+01
-7.223339073076967765e+00 -7.223339073076967765e+00
nan nan
-4.658392328983307351e+00 -4.658392328983307351e+00
-4.057847733251849220e+00 -4.057847733251849220e+00
9.211771240482539369e+00 9.211771240482539369e+00
-1.024698925983027387e+01 -1.024698925983027387e+01
-5.438809330234846584e+00 -5.438809330234846584e+00
-7.414902187057734295e+00 -7.414902187057734295e+00
2.110709147157777466e+00 2.110709147157777466e+00
-8.097344906335983694e+00 -8.097344906335983694e+00
1.199313836784980936e+00 1.199313836784980936e+00
1.389541357377275688e+00 1.389541357377275688e+00
5.797260366549283006e+00 5.797260366549283006e+00
-3.837590335099262617e+00 -3.837590335099262617e+00
-7.842047386339659809e+00 -7.842047386339659809e+00
3.302596988029296909e+00 3.302596988029296909e+00
-9.330356155048757927e+00 -9.330356155048757927e+00
9.187692485176551571e+00 9.187692485176551571e+00
-7.619153207209175882e+00 -7.619153207209175882e+00
-6.299971888167362977e+00 -6.299971888167362977e+00
8.132549269866345298e+00 8.132549269866345298e+00
-3.657631072530133309e+00 -3.657631072530133309e+00
1.540592133323542612e+00 1.540592133323542612e+00
-8.971339880020067881e+00 -8.971339880020067881e+00
6.774162614910089530e+00 6.774162614910089530e+00
-6.633721310637781698e+00 -6.633721310637781698e+00
-5.368084482754616360e+00 -5.368084482754616360e+00
9.223712836501881895e+00 9.223712836501881895e+00
-9.087326202053741753e+00 -9.087326202053741753e+00
nan nan
-1.135744288457852136e+00 -1.135744288457852136e+00
-4.787488559335010052e+00 -4.787488559335010052e+00
7.856837162956093579e+00 7.856837162956093579e+00
8.192876895393322201e+00 8.192876895393322201e+00
nan nan
-8.842284425274254289e+00 -8.842284425274254289e+00
-8.665625071038126848e+00 -8.665625071038126848e+00
8.587323062375093130e+00 8.587323062375093130e+00
9.096366043148606195e+00 9.096366043148606195e+00
-4.430826748084832900e+00 -4.430826748084832900e+00
7.660424738466833361e-01 7.660424738466833361e-01
1.137089244074348215e+01 1.137089244074348215e+01
nan nan
-5.428356719262373176e+00 -5.428356719262373176e+00
-5.519483288770285156e+00 -5.519483288770285156e+00
-5.527192473659926719e+00 -5.527192473659926719e+00
-1.022566101816703110e+01 -1.022566101816703110e+01
-3.038965158625046570e-01 -3.038965158625046570e-01
-2.695663549069813314e+00 -2.695663549069813314e+00
-5.092448730114856659e+00 -5.092448730114856659e+00
nan nan
-7.299664027103801800e+00 -7.299664027103801800e+00
5.277000233817002339e+00 5.277000233817002339e+00
1.211105124725299476e+01 1.211105124725299476e+01
nan nan
nan nan
-2.185825229688399762e+00 -2.185825229688399762e+00
-2.151894415455951837e+00 -2.151894415455951837e+00
6.631783913260251850e+00 6.631783913260251850e+00
-6.645159064037914121e+00 -6.645159064037914121e+00
-7.382174639191688925e+00 -7.382174639191688925e+00
6.864549937279041281e+00 6.864549937279041281e+00
8.635415845672399726e+00 8.635415845672399726e+00
1.105150863989345922e+01 1.105150863989345922e+01
-4.677398222251389015e+00 -4.677398222251389015e+00
4.050809609765524399e+00 4.050809609765524399e+00
1.043855811449331128e+01 1.043855811449331128e+01
-5.559749458016511880e+00 -5.559749458016511880e+00
1.163453662165843028e+01 1.163453662165843028e+01
1.610365184703077546e+00 1.610365184703077546e+00
-4.556523214467786076e+00 -4.556523214467786076e+00
9.404993186358932888e+00 9.404993186358932888e+00
-4.582331070415062158e+00 -4.582331070415062158e+00
-9.092097487473028039e+00 -9.092097487473028039e+00
-6.332731156654618054e+00 -6.332731156654618054e+00
-2.306948358983262892e-01 -2.306948358983262892e-01
5.365732959435744576e+00 5.365732959435744576e+00
1.137930205923434457e+01 1.137930205923434457e+01
2.906192144331681604e+00 2.906192144331681604e+00
1.015219764890585807e+01 1.015219764890585807e+01
nan nan
-4.683675478396708058e+00 -4.683675478396708058e+00
-2.348788320100073435e+00 -2.348788320100073435e+00
8.513993313496154514e+00 8.513993313496154514e+00
-3.191006594789438822e+00 -3.191006594789438822e+00
-4.323621688774530014e+00 -4.323621688774530014e+00
-9.036581402728938173e+00 -9.036581402728938173e+00
-8.150427859147129084e-01 -8.150427859147129084e-01
-1.022369397868057206e+01 -1.022369397868057206e+01
2.001011644609125284e+00 2.001011644609125284e+00
-1.002096865635886758e+01 -1.002096865635886758e+01
-5.091082089283172962e+00 -5.091082089283172962e+00
1.209377461636335838e+01 1.209377461636335838e+01
-5.348461573774748956e+00 -5.348461573774748956e+00
3.301632191039086450e+00 3.301632191039086450e+00
8.038661167798613505e+00 8.038661167798613505e+00
-3.731386573643125981e+00 -3.731386573643125981e+00
-3.009483289264048622e+00 -3.009483289264048622e+00
-1.261854941828573828e+00 -1.261854941828573828e+00
8.298739385089351828e+00 8.298739385089351828e+00
-9.571567915131353743e+00 -9.571567915131353743e+00
nan nan
-8.428080542772015349e+00 -8.428080542772015349e+00
nan nan
-2.261389052776969777e-01 -2.261389052776969777e-01
1.172849496073657427e+01 1.172849496073657427e+01
3.974882205987521289e+00 3.974882205987521289e+00
-8.871494749199992924e+00 -8.871494749199992924e+00
-4.122828449604174494e+00 -4.122828449604174494e+00
-1.086775667180921090e+01 -1.086775667180921090e+01
1.022662078843847056e+01 1.022662078843847056e+01
8.460435159783461501e+00 8.460435159783461501e+00
-1.102516795761840918e+00 -1.102516795761840918e+00
1.901823071438801804e-02 1.901823071438801804e-02
-1.794571541858061892e+00 -1.794571541858061892e+00
-5.394415123016935709e+00 -5.394415123016935709e+00
-1.098548305628473543e+01 -1.098548305628473543e+01
-4.300462509054666427e+00 -4.300462509054666427e+00
nan nan
1.387760867054709024e+00 1.387760867054709024e+00
-3.251241743502953696e+00 -3.251241743502953696e+00
7.428518358496088325e+00 7.428518358496088325e+00
-1.057509264572876440e+01 -1.057509264572876440e+01
-6.373021752048366295e+00 -6.373021752048366295e+00
5.615065787620775239e+00 5.615065787620775239e+00
nan nan
-4.755093542074755320e+00 -4.755093542074755320e+00
-3.504235603423815348e+00 -3.504235603423815348e+00
1.112358940630485193e+01 1.112358940630485193e+01
-8.191952201356246022e+00 -8.191952201356246022e+00
-1.221267789618552513e+01 -1.221267789618552513e+01
nan nan
-7.774953546081952993e+00 -7.774953546081952993e+00
1.084466787577041025e+01 1.084466787577041025e+01
nan nan
-1.092761316558777906e+01 -1.092761316558777906e+01
nan nan
-2.895147187955885215e+00 -2.895147187955885215e+00
nan nan
1.091811778873574212e+01 1.091811778873574212e+01
-5.485789368041167791e+00 -5.485789368041167791e+00
-3.049404473116297254e+00 -3.049404473116297254e+00
2.873903039568263651e+00 2.873903039568263651e+00
-3.919423786103044982e+00 -3.919423786103044982e+00
9.399528628158197563e+00 9.399528628158197563e+00
nan nan
-1.221647372780049778e+01 -1.221647372780049778e+01
1.064039277549420603e+01 1.064039277549420603e+01
-2.523580672888167342e+00 -2.523580672888167342e+00
-3.372011510805307921e+00 -3.372011510805307921e+00
8.357278084516043037e+00 8.357278084516043037e+00
8.110415476131535684e+00 8.110415476131535684e+00
nan nan
-1.153594375779481851e+01 -1.153594375779481851e+01
-1.030285756520320462e+01 -1.030285756520320462e+01
nan nan
4.375630782243185024e-01 4.375630782243185024e-01
1.128422017998554949e+01 1.128422017998554949e+01
7.112925291645685988e+00 7.112925291645685988e+00
nan nan
-5.243004602501713407e+00 -5.243004602501713407e+00
1.108689292445067309e+00 1.108689292445067309e+00
-4.636232695875850851e+00 -4.636232695875850851e+00
nan nan
9.658113598826284729e+00 9.658113598826284729e+00
-1.219663425089812847e+00 -1.219663425089812847e+00
-1.244148835982477053e-01 -1.244148835982477053e-01
-4.883513734139100393e+00 -4.883513734139100393e+00
1.103914011807323803e+01 1.103914011807323803e+01
4.289555491866043013e+00 4.289555491866043013e+00
9.772488050971139373e+00 9.772488050971139373e+00
8.614110362529327602e+00 8.614110362529327602e+00
-1.220304831070032492e+01 -1.220304831070032492e+01
1.143666873850508381e+01 1.143666873850508381e+01
2.992196101736165126e+00 2.992196101736165126e+00
-5.147632656329081513e+00 -5.147632656329081513e+00
-3.498758933566666229e+00 -3.498758933566666229e+00
-1.222869306691483615e+01 -1.222869306691483615e+01
nan nan
1.185554265439888333e+01 1.185554265439888333e+01
8.825492354596750744e+00 8.825492354596750744e+00
nan nan
nan nan
-6.503295684692609768e+00 -6.503295684692609768e+00
-3.141864257128439419e+00 -3.141864257128439419e+00
2.267429155290713538e+00 2.267429155290713538e+00
-2.853059051753445097e+00 -2.853059051753445097e+00
-9.812524544377367874e+00 -9.812524544377367874e+00
2.488514886718640184e-02 2.488514886718640184e-02
-6.016800086783682389e+00 -6.016800086783682389e+00
-1.571363085461122466e+00 -1.571363085461122466e+00
nan nan
nan nan
-2.652708085736039223e+00 -2.652708085736039223e+00
nan nan
1.646824935303609294e+00 1.646824935303609294e+00
-5.000356867202459199e+00 -5.000356867202459199e+00
-6.023350101284917102e+00 -6.023350101284917102e+00
8.568235280439852275e+00 8.568235280439852275e+00
nan nan
-5.534468347930609156e+00 -5.534468347930609156e+00
4.956965354491975617e-01 4.956965354491975617e-01
-6.195236173702369342e+00 -6.195236173702369342e+00
-2.139844015877320871e+00 -2.139844015877320871e+00
nan nan
8.430182996841359966e-01 8.430182996841359966e-01
nan nan
-8.602900928202323882e-01 -8.602900928202323882e-01
9.832846904786581632e+00 9.832846904786581632e+00
6.463226402893237577e+00 6.463226402893237577e+00
nan nan
-5.410962884965929476e+00 -5.410962884965929476e+00
-1.225502527643281780e+01 -1.225502527643281780e+01
-4.199362512575024908e+00 -4.199362512575024908e+00
8.791585172188653985e-02 8.791585172188653985e-02
-4.121575660606032976e+00 -4.121575660606032976e+00
-9.799162747226175085e+00 -9.799162747226175085e+00
-6.312799891992582069e+00 -6.312799891992582069e+00
-2.232535164393838922e+00 -2.232535164393838922e+00
-6.162053295811215747e+00 -6.162053295811215747e+00
6.458009634992489367e+00 6.458009634992489367e+00
nan nan
-2.379207608699047682e+00 -2.379207608699047682e+00
nan nan
4.147325373983292707e+00 4.147325373983292707e+00
-1.704684574985639856e+00 -1.704684574985639856e+00
-2.243822676091074442e+00 -2.243822676091074442e+00
7.724961008900152137e+00 7.724961008900152137e+00
nan nan
9.571011546717276275e-01 9.571011546717276275e-01
-3.428384599980724090e+00 -3.428384599980724090e+00
6.037378504081146957e+00 6.037378504081146957e+00
2.786419453812133185e+00 2.786419453812133185e+00
1.336693056374379296e+00 1.336693056374379296e+00
4.379264427540746851e+00 4.379264427540746851e+00
1.413838639095693850e+00 1.413838639095693850e+00
-9.906184792803152561e+00 -9.906184792803152561e+00
-5.240068721396895057e+00 -5.240068721396895057e+00
nan nan
nan nan
-4.469399644971385754e+00 -4.469399644971385754e+00
9.392453217270945842e+00 9.392453217270945842e+00
2.047668202943857985e+00 2.047668202943857985e+00
8.576857154722423715e+00 8.576857154722423715e+00
-4.569428153936733850e+00 -4.569428153936733850e+00
nan nan
-2.417990226850552204e+00 -2.417990226850552204e+00
-2.164654822186484751e+00 -2.164654822186484751e+00
nan nan
2.683774307629937184e+00 2.683774307629937184e+00
nan nan
4.988219792138467668e+00 4.988219792138467668e+00
1.989082994711255381e+00 1.989082994711255381e+00
9.171174087302029321e+00 9.171174087302029321e+00
-7.535946439184989742e+00 -7.535946439184989742e+00
-1.054057432518904847e+01 -1.054057432518904847e+01
1.074234036323552743e+01 1.074234036323552743e+01
-1.602544015361953456e+00 -1.602544015361953456e+00
-5.967866386775094512e+00 -5.967866386775094512e+00
1.226491168344111671e+01 1.226491168344111671e+01
-7.137546391658588618e+00 -7.137546391658588618e+00
-1.225130656097970672e+01 -1.225130656097970672e+01
-2.891987714003516174e+00 -2.891987714003516174e+00
-4.984030240095016495e-01 -4.984030240095016495e-01
-1.124403499590491862e+01 -1.124403499590491862e+01
-6.328078605616767049e-01 -6.328078605616767049e-01
3.999394541668436887e+00 3.999394541668436887e+00
-1.003563876797130661e+01 -1.003563876797130661e+01
5.037122200815661088e+00 5.037122200815661088e+00
-1.212894588776575233e+01 -1.212894588776575233e+01
-6.665063776514251970e+00 -6.665063776514251970e+00
9.411424021963629372e+00 9.411424021963629372e+00
nan nan
4.518962584473349864e+00 4.518962584473349864e+00
-9.051014234493807820e+00 -9.051014234493807820e+00
-2.851744632231042686e+00 -2.851744632231042686e+00
-8.355808428783749520e+00 -8.355808428783749520e+00
-1.980432733479885243e+00 -1.980432733479885243e+00
nan nan
nan nan
9.129951092387301514e+00 9.129951092387301514e+00
nan nan
-5.852615955342244547e+00 -5.852615955342244547e+00
1.161939495759181185e+01 1.161939495759181185e+01
-1.017078828636363497e+01 -1.017078828636363497e+01
nan nan
-1.110760258507992049e+01 -1.110760258507992049e+01
-5.049643085415677746e+00 -5.049643085415677746e+00
nan nan
1.108271004138867966e+01 1.108271004138867966e+01
2.263909109914929552e+00 2.263909109914929552e+00
8.278130856168150586e+00 8.278130856168150586e+00
2.873580007869648512e+00 2.873580007869648512e+00
-3.686749090781233917e-01 -3.686749090781233917e-01
2.294175596053701582e+00 2.294175596053701582e+00
-9.416661341028376597e+00 -9.416661341028376597e+00
8.595029169586174689e+00 8.595029169586174689e+00
-4.135349149812389768e+00 -4.135349149812389768e+00
1.003143144861281044e+01 1.003143144861281044e+01
8.811179299710834911e+00 8.811179299710834911e+00
nan nan
nan nan
9.875812956830131384e+00 9.875812956830131384e+00
7.893264511478967904e-01 7.893264511478967904e-01
-2.966495474197965443e+00 -2.966495474197965443e+00
-1.104695397155108694e+01 -1.104695397155108694e+01
-6.892439034787868124e+00 -6.892439034787868124e+00
1.175935419638596890e+01 1.175935419638596890e+01
-4.852062862280611455e+00 -4.852062862280611455e+00
1.031949061531761558e+01 1.031949061531761558e+01
2.329560592698705079e+00 2.329560592698705079e+00
7.985858802904296283e+00 7.985858802904296283e+00
1.144188193375050488e+01 1.144188193375050488e+01
5.456345230126895096e+00 5.456345230126895096e+00
-6.927906400110098062e+00 -6.927906400110098062e+00
-6.953119819903825771e-01 -6.953119819903825771e-01
-5.273542303442864565e+00 -5.273542303442864565e+00
7.033583071940524789e+00 7.033583071940524789e+00
1.135202748031116826e+01 1.135202748031116826e+01
-7.174355746250292931e+00 -7.174355746250292931e+00
-7.702886610192266836e+00 -7.702886610192266836e+00
nan nan
1.107142274721358532e+01 1.107142274721358532e+01
nan nan
1.180412559812512185e+01 1.180412559812512185e+01
1.166929952655948455e-02 1.166929952655948455e-02
nan nan
-7.202764300112606932e+00 -7.202764300112606932e+00
6.324888414116866642e+00 6.324888414116866642e+00
9.019743356340391927e+00 9.019743356340391927e+00
nan nan
3.091155873982915026e+00 3.091155873982915026e+00
5.374886806504495240e+00 5.374886806504495240e+00
nan nan
3.295563016523422206e+00 3.295563016523422206e+00
9.551511728021480963e+00 9.551511728021480963e+00
7.806095891285257160e+00 7.806095891285257160e+00
1.299277670493181880e+00 1.299277670493181880e+00
nan nan
4.315119130977979611e-01 4.315119130977979611e-01
-1.671837723347453064e+00 -1.671837723347453064e+00
-9.341503311159620182e+00 -9.341503311159620182e+00
-1.568979698267817469e+00 -1.568979698267817469e+00
-8.201081374390236434e+00 -8.201081374390236434e+00
8.641365482869147741e+00 8.641365482869147741e+00
-1.016543315274132375e+01 -1.016543315274132375e+01
9.286493693787186032e+00 9.286493693787186032e+00
-7.767507165537608671e+00 -7.767507165537608671e+00
-4.751765569469046824e+00 -4.751765569469046824e+00
1.306973078311703063e+00 1.306973078311703063e+00
nan nan
nan nan
-2.873264464482446101e+00 -2.873264464482446101e+00
-6.725077592329729015e+00 -6.725077592329729015e+00
2.470124309678838337e+00 2.470124309678838337e+00
-6.845219732953363945e+00 -6.845219732953363945e+00
-4.214096177773157592e+00 -4.214096177773157592e+00
-4.066392966168628220e+00 -4.066392966168628220e+00
8.418400995585191282e+00 8.418400995585191282e+00
2.670476919619190426e+00 2.670476919619190426e+00
-1.191974378905018028e+01 -1.191974378905018028e+01
-1.139655292633644024e+01 -1.139655292633644024e+01
nan nan
1.062050977257085549e+01 1.062050977257085549e+01
-6.057126023757227529e+00 -6.057126023757227529e+00
8.633413210695035644e+00 8.633413210695035644e+00
nan nan
2.172969859306547846e+00 2.172969859306547846e+00
-7.626716882158884658e+00 -7.626716882158884658e+00
6.937234417518224561e+00 6.937234417518224561e+00
nan nan
nan nan
nan nan
-9.680206539539540245e+00 -9.680206539539540245e+00
5.848697323294899775e+00 5.848697323294899775e+00
-9.891335107494871437e+00 -9.891335107494871437e+00
-5.291137956352667260e+00 -5.291137956352667260e+00
-1.849225375901839996e+00 -1.849225375901839996e+00
1.291858214720482678e+00 1.291858214720482678e+00
-4.773734459186703916e+00 -4.773734459186703916e+00
-4.603962316497888452e+00 -4.603962316497888452e+00
-6.586319510646116981e-01 -6.586319510646116981e-01
5.440777582764106057e+00 5.440777582764106057e+00
2.566210989651873220e+00 2.566210989651873220e+00
3.850224620850806190e+00 3.850224620850806190e+00
-5.024773879546406974e+00 -5.024773879546406974e+00
8.986244917824031120e+00 8.986244917824031120e+00
1.040359152423195255e+01 1.040359152423195255e+01
1.742064289479569261e+00 1.742064289479569261e+00
7.151260005914849671e+00 7.151260005914849671e+00
-1.123336554353614503e+01 -1.123336554353614503e+01
-9.954160926818151012e+00 -9.954160926818151012e+00
-5.259741948300177938e+00 -5.259741948300177938e+00
1.298145065102653817e+00 1.298145065102653817e+00
-7.421389860540106298e+00 -7.421389860540106298e+00
5.023553723777991920e+00 5.023553723777991920e+00
-3.229920810416031074e+00 -3.229920810416031074e+00
7.100039316366586917e+00 7.100039316366586917e+00
nan nan
-2.159973940874170495e+00 -2.159973940874170495e+00
nan nan
-5.841819370698161151e+00 -5.841819370698161151e+00
-5.187609183736148211e+00 -5.187609183736148211e+00
-1.918692362139342578e+00 -1.918692362139342578e+00
7.966466310045658084e+00 7.966466310045658084e+00
2.353096489752266152e+00 2.353096489752266152e+00
1.974390116980636378e+00 1.974390116980636378e+00
-7.417693481946572298e+00 -7.417693481946572298e+00
nan nan
1.140045695577086349e+01 1.140045695577086349e+01
-8.080491936051586777e+00 -8.080491936051586777e+00
6.021166774260997556e-01 6.021166774260997556e-01
nan nan
-1.799908130772616133e+00 -1.799908130772616133e+00
-8.373092639881733135e+00 -8.373092639881733135e+00
8.215014359862216509e+00 8.215014359862216509e+00
nan nan
-9.286531057279862722e+00 -9.286531057279862722e+00
-9.836531216350673290e+00 -9.836531216350673290e+00
-4.475048987868172290e+00 -4.475048987868172290e+00
-2.525920549554793837e+00 -2.525920549554793837e+00
3.374728932003453252e+00 3.374728932003453252e+00
1.038480885503495443e+01 1.038480885503495443e+01
3.873629018637277710e+00 3.873629018637277710e+00
1.038554003825220384e+01 1.038554003825220384e+01
nan nan
8.287942262609611532e+00 8.287942262609611532e+00
-6.898597527770670368e+00 -6.898597527770670368e+00
6.316288868006354917e+00 6.316288868006354917e+00
9.604632242676590437e+00 9.604632242676590437e+00
-1.133831597300296856e+01 -1.133831597300296856e+01
5.004845319298862449e+00 5.004845319298862449e+00
nan nan
-5.593530207961148193e+00 -5.593530207961148193e+00
1.008854558167856652e+01 1.008854558167856652e+01
-1.204784133761863529e+01 -1.204784133761863529e+01
5.805409759297184280e+00 5.805409759297184280e+00
nan nan
-1.121181639367104310e+01 -1.121181639367104310e+01
-4.155870969781100044e+00 -4.155870969781100044e+00
7.062260763746682990e+00 7.062260763746682990e+00
6.703691961067723248e+00 6.703691961067723248e+00
-2.301646456792703077e-01 -2.301646456792703077e-01
-3.422907206515159118e+00 -3.422907206515159118e+00
-2.634403827167531631e+00 -2.634403827167531631e+00
6.578832316984962958e+00 6.578832316984962958e+00
3.289631873481635438e-01 3.289631873481635438e-01
nan nan
1.827905359532302043e+00 1.827905359532302043e+00
9.283979400964863515e+00 9.283979400964863515e+00
7.256044845098164942e+00 7.256044845098164942e+00
-4.710709032600112423e+00 -4.710709032600112423e+00
8.457423419554185529e+00 8.457423419554185529e+00
-1.035599369652837964e+01 -1.035599369652837964e+01
-9.649638023235606710e+00 -9.649638023235606710e+00
-2.117094886967944234e+00 -2.117094886967944234e+00
7.578207427654113815e+00 7.578207427654113815e+00
-2.885942139521905148e+00 -2.885942139521905148e+00
1.142663875500775816e+01 1.142663875500775816e+01
8.521923391426827976e+00 8.521923391426827976e+00
-1.053435041194512678e+01 -1.053435041194512678e+01
1.144169070878847805e+01 1.144169070878847805e+01
3.322117608925566401e+00 3.322117608925566401e+00
1.036281484077053960e+01 1.036281484077053960e+01
-3.460237124170431500e+00 -3.460237124170431500e+00
7.706560026437568212e+00 7.706560026437568212e+00
-9.875620853271975363e+00 -9.875620853271975363e+00
-5.013007412914911143e+00 -5.013007412914911143e+00
-7.223557448687175864e+00 -7.223557448687175864e+00
nan nan
4.766531161850050324e+00 4.766531161850050324e+00
-4.268082117954154597e+00 -4.268082117954154597e+00
5.938526823334232319e+00 5.938526823334232319e+00
-7.167279021160426922e+00 -7.167279021160426922e+00
-7.843024418536110431e+00 -7.843024418536110431e+00
-8.062708232605334757e+00 -8.062708232605334757e+00
3.843126555355048879e+00 3.843126555355048879e+00
-1.090772303786098973e+01 -1.090772303786098973e+01
7.940356844627679322e+00 7.940356844627679322e+00
-1.014187289782534407e+01 -1.014187289782534407e+01
-3.715844594755626673e+00 -3.715844594755626673e+00
-6.756103601667124536e+00 -6.756103601667124536e+00
-4.017208092303576450e+00 -4.017208092303576450e+00
8.969800019624969423e-01 8.969800019624969423e-01
1.038427395206429438e+01 1.038427395206429438e+01
nan nan
4.274659922351897734e-02 4.274659922351897734e-02
nan nan
-6.727932028458619484e+00 -6.727932028458619484e+00
4.142339199763882540e+00 4.142339199763882540e+00
3.793742277932778961e+00 3.793742277932778961e+00
nan nan
-8.900213791743372127e+00 -8.900213791743372127e+00
-7.923462775182596118e+00 -7.923462775182596118e+00
-8.449852777924805380e+00 -8.449852777924805380e+00
-2.159375056720218566e+00 -2.159375056720218566e+00
-1.026547032306186935e+00 -1.026547032306186935e+00
-4.715254246869964305e+00 -4.715254246869964305e+00
-8.852082546616651726e+00 -8.852082546616651726e+00
-4.742894832116900439e+00 -4.742894832116900439e+00
-2.311639982730053333e+00 -2.311639982730053333e+00
-6.116884718098486218e+00 -6.116884718098486218e+00
5.757212519735123379e+00 5.757212519735123379e+00
-2.714201592466290336e+00 -2.714201592466290336e+00
nan nan
-2.305304449247826071e+00 -2.305304449247826071e+00
-8.726051207343541449e-01 -8.726051207343541449e-01
9.664857660858852118e-01 9.664857660858852118e-01
-3.037496487718296834e+00 -3.037496487718296834e+00
1.991067104617201267e+00 1.991067104617201267e+00
-1.056280929585814476e+01 -1.056280929585814476e+01
1.150540970494867477e+00 1.150540970494867477e+00
-3.527738893702171197e+00 -3.527738893702171197e+00
-2.704363473697571685e+00 -2.704363473697571685e+00
-1.021521724514945006e+01 -1.021521724514945006e+01
-8.231249991789065135e+00 -8.231249991789065135e+00
-8.254635563477307869e+00 -8.254635563477307869e+00
-3.160538431401917592e+00 -3.160538431401917592e+00
8.392427526502755697e+00 8.392427526502755697e+00
1.052727875418520398e+01 1.052727875418520398e+01
9.729784988010148794e+00 9.729784988010148794e+00
-8.403864745165714467e+00 -8.403864745165714467e+00
-5.490870256007770678e+00 -5.490870256007770678e+00
-7.873345180164017520e-01 -7.873345180164017520e-01
-1.154018140498956235e+01 -1.154018140498956235e+01
-7.536928053117557980e+00 -7.536928053117557980e+00
-7.029732635419986053e+00 -7.029732635419986053e+00
1.817624798596709113e+00 1.817624798596709113e+00
5.809857229988043770e+00 5.809857229988043770e+00
-6.769892343389681599e+00 -6.769892343389681599e+00
nan nan
-1.056957159030189786e+01 -1.056957159030189786e+01
3.585567094653391962e+00 3.585567094653391962e+00
-9.382155168379796351e+00 -9.382155168379796351e+00
9.265480860837250532e+00 9.265480860837250532e+00
1.060868936328355439e+01 1.060868936328355439e+01
2.464390214490350672e+00 2.464390214490350672e+00
1.259431841597598911e+00 1.259431841597598911e+00
-7.291331261736045732e+00 -7.291331261736045732e+00
1.681428216838444456e+00 1.681428216838444456e+00
-5.685168192111250463e+00 -5.685168192111250463e+00
3.025603754498646936e-01 3.025603754498646936e-01
-7.050107602503175031e-01 -7.050107602503175031e-01
-3.164604757430270254e+00 -3.164604757430270254e+00
2.261614078491856361e+00 2.261614078491856361e+00
-6.881899662230284598e+00 -6.881899662230284598e+00
5.787161192934995313e-01 5.787161192934995313e-01
7.227705695301708033e+00 7.227705695301708033e+00
-3.943018513147629633e+00 -3.943018513147629633e+00
-4.539789468196347322e+00 -4.539789468196347322e+00
1.212265292169253428e+01 1.212265292169253428e+01
-2.548421769039737050e+00 -2.548421769039737050e+00
nan nan
5.084997785258627445e+00 5.084997785258627445e+00
-7.289162422265118124e+00 -7.289162422265118124e+00
3.970941005788205302e+00 3.970941005788205302e+00
2.220667740098274834e+00 2.220667740098274834e+00
3.136039400659242915e+00 3.136039400659242915e+00
nan nan
nan nan
1.700372880713215906e+00 1.700372880713215906e+00
4.263947594538075592e+00 4.263947594538075592e+00
-4.385134720761211469e+00 -4.385134720761211469e+00
1.220779883858164183e+01 1.220779883858164183e+01
1.088366414068308075e+01 1.088366414068308075e+01
2.404408608009571680e+00 2.404408608009571680e+00
nan nan
1.015175733913782707e+01 1.015175733913782707e+01
-9.911340221927860128e+00 -9.911340221927860128e+00
6.355689097339823235e+00 6.355689097339823235e+00
-5.043752089848263509e-01 -5.043752089848263509e-01
-9.483791498116595164e+00 -9.483791498116595164e+00
-1.168280270339043625e+01 -1.168280270339043625e+01
2.431438307328626536e+00 2.431438307328626536e+00
nan nan
9.692399391850972989e+00 9.692399391850972989e+00
5.738856859898183949e+00 5.738856859898183949e+00
nan nan
-2.167109232857377776e+00 -2.167109232857377776e+00
-3.866216271936664839e+00 -3.866216271936664839e+00
-2.079474895620165853e+00 -2.079474895620165853e+00
nan nan
-9.218981548739687781e+00 -9.218981548739687781e+00
-1.101224673454628622e+01 -1.101224673454628622e+01
4.923905392497474054e-02 4.923905392497474054e-02
1.075766758410814994e+01 1.075766758410814994e+01
-2.877487438589345636e+00 -2.877487438589345636e+00
-9.811880388501919015e-01 -9.811880388501919015e-01
nan nan
6.323510557144174982e+00 6.323510557144174982e+00
-4.029556881453714823e+00 -4.029556881453714823e+00
-6.521801595567816356e+00 -6.521801595567816356e+00
-1.062393400415814426e+00 -1.062393400415814426e+00
-8.351630597631693576e+00 -8.351630597631693576e+00
nan nan
nan nan
-1.393108259129504312e+00 -1.393108259129504312e+00
9.027558186582233191e+00 9.027558186582233191e+00
nan nan
7.207975213796609104e-01 7.207975213796609104e-01
-7.647056955310414850e+00 -7.647056955310414850e+00
-1.142539358562293117e+01 -1.142539358562293117e+01
5.940896444487187011e-01 5.940896444487187011e-01
nan nan
-9.368293652128613758e+00 -9.368293652128613758e+00
-1.568053415146115848e+00 -1.568053415146115848e+00
3.477386425379988211e+00 3.477386425379988211e+00
-3.889115577968738080e-02 -3.889115577968738080e-02
3.460063482655122868e+00 3.460063482655122868e+00
-1.480771288771762784e-01 -1.480771288771762784e-01
8.119609561963518019e+00 8.119609561963518019e+00
4.088866874597153256e+00 4.088866874597153256e+00
-4.198302514346496039e+00 -4.198302514346496039e+00
nan nan
3.975359666233011069e+00 3.975359666233011069e+00
1.001725687484369054e+01 1.001725687484369054e+01
4.688362859386400849e+00 4.688362859386400849e+00
-8.068859754802993223e+00 -8.068859754802993223e+00
-7.688255710045659441e-01 -7.688255710045659441e-01
-9.401136471728907651e+00 -9.401136471728907651e+00
-1.223417808257261896e+01 -1.223417808257261896e+01
2.279043997240153274e+00 2.279043997240153274e+00
7.118122000683298367e+00 7.118122000683298367e+00
9.003661491781311810e+00 9.003661491781311810e+00
-4.981661379474545015e+00 -4.981661379474545015e+00
-2.885305882751848294e+00 -2.885305882751848294e+00
-9.381271998524944422e+00 -9.381271998524944422e+00
-9.385839456355213883e-01 -9.385839456355213883e-01
-4.685136929990253662e+00 -4.685136929990253662e+00
nan nan
-2.018564639622563384e+00 -2.018564639622563384e+00
-6.072557473210373757e-01 -6.072557473210373757e-01
8.705315231066773407e+00 8.705315231066773407e+00
nan nan
1.046802239726931560e+01 1.046802239726931560e+01
-9.453974200306728193e+00 -9.453974200306728193e+00
4.179397178573878158e+00 4.179397178573878158e+00
-1.103551817478409447e+01 -1.103551817478409447e+01
-3.696011331059295912e+00 -3.696011331059295912e+00
2.007816874322511325e+00 2.007816874322511325e+00
1.297140734564372622e-01 1.297140734564372622e-01
-8.114538763533202470e+00 -8.114538763533202470e+00
3.020628655532053841e-01 3.020628655532053841e-01
-9.058519542703361793e+00 -9.058519542703361793e+00
-1.169234882228693806e+01 -1.169234882228693806e+01
-7.918051007673717834e+00 -7.918051007673717834e+00
nan nan
-8.681476482741635081e+00 -8.681476482741635081e+00
-8.535212539930167708e+00 -8.535212539930167708e+00
9.979747469639530522e-01 9.979747469639530522e-01
nan nan
-1.770691479462939810e+00 -1.770691479462939810e+00
1.822034570511803508e-01 1.822034570511803508e-01
8.593134098012646049e+00 8.593134098012646049e+00
9.679973163727023433e+00 9.679973163727023433e+00
nan nan
nan nan
6.436412176920933703e+00 6.436412176920933703e+00
5.087383436914056034e+00 5.087383436914056034e+00
-1.127502520539060349e+01 -1.127502520539060349e+01
1.023726364800022459e+01 1.023726364800022459e+01
-2.146082516565108733e+00 -2.146082516565108733e+00
nan nan
6.341891667486013517e+00 6.341891667486013517e+00
-7.820443626011229554e+00 -7.820443626011229554e+00
-1.013195282659889074e+01 -1.013195282659889074e+01
-1.065257177949985845e+01 -1.065257177949985845e+01
-1.088262452903187949e+01 -1.088262452903187949e+01
-8.997463710083643207e+00 -8.997463710083643207e+00
nan nan
nan nan
-1.210805356831605906e+01 -1.210805356831605906e+01
4.257572824778332876e-01 4.257572824778332876e-01
-7.195463023859930196e+00 -7.195463023859930196e+00
-6.604134688019776434e+00 -6.604134688019776434e+00
-2.530417668881864479e+00 -2.530417668881864479e+00
-7.638568263877425935e+00 -7.638568263877425935e+00
7.873532993016592485e+00 7.873532993016592485e+00
-3.752401516202819032e+00 -3.752401516202819032e+00
9.089551469858104582e+00 9.089551469858104582e+00
-4.158763902957829828e+00 -4.158763902957829828e+00
nan nan
-2.546970640435960220e+00 -2.546970640435960220e+00
8.201384687689376563e+00 8.201384687689376563e+00
1.062739194246364427e+01 1.062739194246364427e+01
nan nan
-8.271018999289388773e+00 -8.271018999289388773e+00
7.687060410755179873e+00 7.687060410755179873e+00
1.080269569387465545e+00 1.080269569387465545e+00
1.057644390902474640e-01 1.057644390902474640e-01
7.616495499048927087e+00 7.616495499048927087e+00
9.478561995636081150e-01 9.478561995636081150e-01
-6.788104614652603175e+00 -6.788104614652603175e+00
nan nan
nan nan
9.072036345448196926e+00 9.072036345448196926e+00
nan nan
9.751281837202306235e+00 9.751281837202306235e+00
-9.787787415248656586e+00 -9.787787415248656586e+00
nan nan
-6.637582367304453612e+00 -6.637582367304453612e+00
2.713322300018905509e+00 2.713322300018905509e+00
1.176572646686031653e+01 1.176572646686031653e+01
-2.712076763797096390e+00 -2.712076763797096390e+00
-1.935919023299645048e+00 -1.935919023299645048e+00
6.671866836561294534e+00 6.671866836561294534e+00
-5.411125753192873589e+00 -5.411125753192873589e+00
-1.221279839842975434e+01 -1.221279839842975434e+01
4.424345815809264337e+00 4.424345815809264337e+00
8.660660925520227593e+00 8.660660925520227593e+00
-3.414753006348298925e+00 -3.414753006348298925e+00
1.012683027735746322e+01 1.012683027735746322e+01
nan nan
nan nan
1.012257815790448134e+01 1.012257815790448134e+01
5.301682061021515402e+00 5.301682061021515402e+00
2.378982944678735834e+00 2.378982944678735834e+00
-9.420669147575608804e+00 -9.420669147575608804e+00
-9.615475897978864595e-01 -9.615475897978864595e-01
5.312706015472302035e+00 5.312706015472302035e+00
-1.141477097412816732e+01 -1.141477097412816732e+01
2.485886957452676072e+00 2.485886957452676072e+00
-1.226606019488985311e+01 -1.226606019488985311e+01
2.670205296172792231e+00 2.670205296172792231e+00
-8.298169582507881614e-01 -8.298169582507881614e-01
8.164525518289174499e+00 8.164525518289174499e+00
4.294128064074776319e+00 4.294128064074776319e+00
-2.063892808166887249e+00 -2.063892808166887249e+00
nan nan
-5.644249293638573306e+00 -5.644249293638573306e+00
-8.981246400329347068e+00 -8.981246400329347068e+00
-1.204940862763695009e+01 -1.204940862763695009e+01
nan nan
nan nan
nan nan
nan nan
5.560856539757265793e+00 5.560856539757265793e+00
nan nan
5.640982825544416990e+00 5.640982825544416990e+00
-3.832188502631076688e+00 -3.832188502631076688e+00
nan nan
-1.431846587706425922e+00 -1.431846587706425922e+00
7.280912006155812577e+00 7.280912006155812577e+00
-1.242882966931411204e+00 -1.242882966931411204e+00
-6.894767566134078152e+00 -6.894767566134078152e+00
1.059609646470587307e+01 1.059609646470587307e+01
nan nan
-1.187921297784309616e+01 -1.187921297784309616e+01
7.414287650402513030e+00 7.414287650402513030e+00
-4.589282584445889768e+00 -4.589282584445889768e+00
nan nan
1.776207210312623630e+00 1.776207210312623630e+00
-4.126716465624937769e-01 -4.126716465624937769e-01
nan nan
-1.114953822561982832e+00 -1.114953822561982832e+00
-2.566919765574082746e+00 -2.566919765574082746e+00
6.819141653274790826e+00 6.819141653274790826e+00
4.196848943399007936e+00 4.196848943399007936e+00
5.412073405512806801e+00 5.412073405512806801e+00
nan nan
nan nan
-5.793160931130918456e-01 -5.793160931130918456e-01
2.999875745221014967e+00 2.999875745221014967e+00
-2.685161636386744988e+00 -2.685161636386744988e+00
-3.199303438434256464e+00 -3.199303438434256464e+00
-1.902721385984564861e+00 -1.902721385984564861e+00
9.101560666603383254e+00 9.101560666603383254e+00
4.608725790336386297e+00 4.608725790336386297e+00
1.053014283472597512e+01 1.053014283472597512e+01
5.786841689212915973e+00 5.786841689212915973e+00
-4.184293529152398605e+00 -4.184293529152398605e+00
9.787716196169355953e+00 9.787716196169355953e+00
2.663519856328289137e-01 2.663519856328289137e-01
1.033164031103993885e+01 1.033164031103993885e+01
6.573910224319153173e+00 6.573910224319153173e+00
-1.107320951582500967e+01 -1.107320951582500967e+01
nan nan
-3.835451925783679883e+00 -3.835451925783679883e+00
1.048030621588240408e+01 1.048030621588240408e+01
-6.919210526048257037e+00 -6.919210526048257037e+00
nan nan
nan nan
1.217950438015795633e+01 1.217950438015795633e+01
8.252249836720146448e+00 8.252249836720146448e+00
-4.255316195536862800e+00 -4.255316195536862800e+00
nan nan
nan nan
9.862590944505981838e+00 9.862590944505981838e+00
4.612794925742321084e+00 4.612794925742321084e+00
nan nan
-5.671182942778784764e+00 -5.671182942778784764e+00
-2.882270401441985541e+00 -2.882270401441985541e+00
1.077015814225147494e+01 1.077015814225147494e+01
1.057805294453872591e+01 1.057805294453872591e+01
-8.092030416952812999e+00 -8.092030416952812999e+00
-6.892771976181570892e-01 -6.892771976181570892e-01
-2.978002835470677567e+00 -2.978002835470677567e+00
-7.571289330411858032e+00 -7.571289330411858032e+00
3.647096544250159056e+00 3.647096544250159056e+00
-1.089105576493317784e+01 -1.089105576493317784e+01
7.106974721720305865e+00 7.106974721720305865e+00
nan nan
nan nan
2.294004886229322082e+00 2.294004886229322082e+00
-4.304401032203877264e-01 -4.304401032203877264e-01
nan nan
-1.695363269762388825e+00 -1.695363269762388825e+00
6.328372662536240867e+00 6.328372662536240867e+00
1.073136270992309527e+01 1.073136270992309527e+01
1.216842553274020489e+01 1.216842553274020489e+01
-8.887399742713249395e+00 -8.887399742713249395e+00
8.395858100061310836e+00 8.395858100061310836e+00
-7.083753141049733415e+00 -7.083753141049733415e+00
2.916045596486732450e+00 2.916045596486732450e+00
nan nan
nan nan
1.109122956499007806e+01 1.109122956499007806e+01
1.173523047748849280e+01 1.173523047748849280e+01
-4.558599926723697848e+00 -4.558599926723697848e+00
nan nan
-1.017332932584088212e+01 -1.017332932584088212e+01
-2.056385672876857029e-01 -2.056385672876857029e-01
-4.706420432222710559e+00 -4.706420432222710559e+00
-7.640701603809663567e+00 -7.640701603809663567e+00
2.608898191213638640e+00 2.608898191213638640e+00
6.155884308113314773e+00 6.155884308113314773e+00
2.564853609006047641e+00 2.564853609006047641e+00
-1.002114683269362061e+01 -1.002114683269362061e+01
2.615042956327034318e+00 2.615042956327034318e+00
-2.567819847935968625e+00 -2.567819847935968625e+00
-1.170321967530801288e+01 -1.170321967530801288e+01
-8.147014502605141928e+00 -8.147014502605141928e+00
1.017684144566251447e+01 1.017684144566251447e+01
-6.293424101964578909e+00 -6.293424101964578909e+00
nan nan
-1.052626028692939286e+01 -1.052626028692939286e+01
4.274368075993617566e+00 4.274368075993617566e+00
2.194057424822703162e+00 2.194057424822703162e+00
nan nan
-5.552418617378982901e+00 -5.552418617378982901e+00
-1.381078653597947792e+00 -1.381078653597947792e+00
-7.245998226830270283e-01 -7.245998226830270283e-01
nan nan
-5.799011889002962050e+00 -5.799011889002962050e+00
1.690917051038951513e+00 1.690917051038951513e+00
-3.986595836228445933e-01 -3.986595836228445933e-01
-1.340437486143359891e+00 -1.340437486143359891e+00
7.479468927146049495e+00 7.479468927146049495e+00
-8.597460641422536298e+00 -8.597460641422536298e+00
1.762909111601437928e+00 1.762909111601437928e+00
-9.753122504796923664e+00 -9.753122504796923664e+00
-2.503554851923318836e+00 -2.503554851923318836e+00
7.680033540565744943e+00 7.680033540565744943e+00
-1.812934907286425812e+00 -1.812934907286425812e+00
1.190799957730034109e+01 1.190799957730034109e+01
-6.745935149620354565e+00 -6.745935149620354565e+00
-7.644280380886918635e+00 -7.644280380886918635e+00
nan nan
-1.095211707291274550e+01 -1.095211707291274550e+01
-8.617359986366412983e+00 -8.617359986366412983e+00
-1.091990923222019205e+01 -1.091990923222019205e+01
-6.730720213151847986e+00 -6.730720213151847986e+00
6.449765580587276670e-01 6.449765580587276670e-01
-5.108978517170396749e+00 -5.108978517170396749e+00
3.821235349741236575e-01 3.821235349741236575e-01
1.111465781992336588e+00 1.111465781992336588e+00
-7.290348952811990912e+00 -7.290348952811990912e+00
-6.290848009019738285e+00 -6.290848009019738285e+00
7.738212521613752060e+00 7.738212521613752060e+00
5.413445933853761716e+00 5.413445933853761716e+00
-9.314265887077240791e+00 -9.314265887077240791e+00
6.668064847480678736e+00 6.668064847480678736e+00
-6.501859870380947370e+00 -6.501859870380947370e+00
-3.648955497968410455e+00 -3.648955497968410455e+00
nan nan
4.792727323993863919e+00 4.792727323993863919e+00
-3.363643307480966627e+00 -3.363643307480966627e+00
4.731516278387175589e-01 4.731516278387175589e-01
-6.232553080601299200e+00 -6.232553080601299200e+00
-4.163622563553847300e+00 -4.163622563553847300e+00
1.360866616455659539e+00 1.360866616455659539e+00
5.870931838944934533e+00 5.870931838944934533e+00
-7.614377190504782789e+00 -7.614377190504782789e+00
-6.341098637383929315e+00 -6.341098637383929315e+00
1.036027155974519331e+01 1.036027155974519331e+01
nan nan
9.165199604153777102e+00 9.165199604153777102e+00
6.752853096017581436e+00 6.752853096017581436e+00
-8.755406258353271021e-01 -8.755406258353271021e-01
9.550240395068399835e+00 9.550240395068399835e+00
nan nan
nan nan
5.630649992319721520e+00 5.630649992319721520e+00
9.676958566139234108e+00 9.676958566139234108e+00
-4.095582576619690940e+00 -4.095582576619690940e+00
-4.612203599631108375e-01 -4.612203599631108375e-01
nan nan
3.252994645111753513e+00 3.252994645111753513e+00
9.518910397225557318e-01 9.518910397225557318e-01
-5.898034795553076748e+00 -5.898034795553076748e+00
9.417645706095949976e+00 9.417645706095949976e+00
-1.649792489867728307e+00 -1.649792489867728307e+00
9.538716023125436649e+00 9.538716023125436649e+00
nan nan
nan nan
-1.035369260274798719e+01 -1.035369260274798719e+01
7.456999531874730636e+00 7.456999531874730636e+00
-9.180546428314809049e+00 -9.180546428314809049e+00
nan nan
-1.700099186363580372e+00 -1.700099186363580372e+00
nan nan
-7.576271299182309349e+00 -7.576271299182309349e+00
4.843023917472855544e+00 4.843023917472855544e+00
-3.233863372823252647e+00 -3.233863372823252647e+00
9.415356442866560371e-01 9.415356442866560371e-01
-7.134641658142399478e+00 -7.134641658142399478e+00
-7.081247771288808224e+00 -7.081247771288808224e+00
1.541238653967726080e+00 1.541238653967726080e+00
7.841001460142529744e+00 7.841001460142529744e+00
-7.154099800742756088e+00 -7.154099800742756088e+00
9.619743404398612086e+00 9.619743404398612086e+00
1.565641454783261111e+00 1.565641454783261111e+00
2.278210045332604849e+00 2.278210045332604849e+00
2.740313912403429697e+00 2.740313912403429697e+00
5.266511038666479294e-01 5.266511038666479294e-01
nan nan
1.171646097427354150e+01 1.171646097427354150e+01
5.167308780628378173e+00 5.167308780628378173e+00
-2.923853898682427399e+00 -2.923853898682427399e+00
8.964522827269625793e+00 8.964522827269625793e+00
3.026287929036836744e+00 3.026287929036836744e+00
7.805421923353968339e+00 7.805421923353968339e+00
1.626094701354734440e+00 1.626094701354734440e+00
2.890175573439165646e+00 2.890175573439165646e+00
-6.350104091511894921e+00 -6.350104091511894921e+00
-4.435131632534676349e+00 -4.435131632534676349e+00
-1.850986060619508322e+00 -1.850986060619508322e+00
9.393157677585548981e+00 9.393157677585548981e+00
-6.620176893680671526e-01 -6.620176893680671526e-01
9.838482565776322630e+00 9.838482565776322630e+00
-2.862515018744883122e+00 -2.862515018744883122e+00
-4.730202014793224663e+00 -4.730202014793224663e+00
-8.698911624258215625e+00 -8.698911624258215625e+00
nan nan
-6.683416596882619132e+00 -6.683416596882619132e+00
nan nan
1.074646423897908143e+01 1.074646423897908143e+01
-7.932114212586238722e+00 -7.932114212586238722e+00
-4.712904017888934760e-01 -4.712904017888934760e-01
1.103133907289246451e+01 1.103133907289246451e+01
8.428889342390212036e+00 8.428889342390212036e+00
3.092201402148832656e+00 3.092201402148832656e+00
nan nan
-1.012736603956381742e+01 -1.012736603956381742e+01
-3.064222493889150911e+00 -3.064222493889150911e+00
1.021753788407292518e+01 1.021753788407292518e+01
4.168747219979477947e+00 4.168747219979477947e+00
8.138346076631037818e+00 8.138346076631037818e+00
nan nan
-1.377171974104797414e+00 -1.377171974104797414e+00
7.738826349515477432e-01 7.738826349515477432e-01
nan nan
8.878766352535198081e+00 8.878766352535198081e+00
-6.950739434366447256e+00 -6.950739434366447256e+00
5.792716528729002334e+00 5.792716528729002334e+00
3.114370025168076594e+00 3.114370025168076594e+00
nan nan
9.161333929817523369e-01 9.161333929817523369e-01
5.980289958993534327e+00 5.980289958993534327e+00
3.656468600314440209e+00 3.656468600314440209e+00
nan nan
nan nan
9.156143988379938037e+00 9.156143988379938037e+00
8.608599521071809590e+00 8.608599521071809590e+00
-1.165516684862167551e+01 -1.165516684862167551e+01
-3.904828048431001619e+00 -3.904828048431001619e+00
1.017690188934473383e+01 1.017690188934473383e+01
-9.220181472093216257e+00 -9.220181472093216257e+00
-8.612190305829940939e-01 -8.612190305829940939e-01
-7.676716879147337025e+00 -7.676716879147337025e+00
4.461657002334447952e+00 4.461657002334447952e+00
nan nan
nan nan
1.967453331182717591e+00 1.967453331182717591e+00
6.903295249724834548e+00 6.903295249724834548e+00
6.121443105438139298e+00 6.121443105438139298e+00
1.183952477545845028e+01 1.183952477545845028e+01
7.705594005731500218e+00 7.705594005731500218e+00
2.415045694647428576e+00 2.415045694647428576e+00
-4.618619684005336623e+00 -4.618619684005336623e+00
-1.217537355140811073e+01 -1.217537355140811073e+01
-6.891303536741272495e+00 -6.891303536741272495e+00
3.319238989257549122e+00 3.319238989257549122e+00
-5.225799640943424862e+00 -5.225799640943424862e+00
2.221023962961499620e+00 2.221023962961499620e+00
-8.798104153397005689e+00 -8.798104153397005689e+00
3.663342318035722300e+00 3.663342318035722300e+00
-3.924308584065855143e+00 -3.924308584065855143e+00
nan nan
nan nan
8.308466783473392070e+00 8.308466783473392070e+00
-2.397269934701167671e+00 -2.397269934701167671e+00
7.278639609351285955e+00 7.278639609351285955e+00
nan nan
3.029322286559180455e+00 3.029322286559180455e+00
-9.637321912390319767e-01 -9.637321912390319767e-01
-4.106739520789734144e+00 -4.106739520789734144e+00
-7.657065408568591636e+00 -7.657065408568591636e+00
8.629835204517592118e+00 8.629835204517592118e+00
-1.133698442557806629e+01 -1.133698442557806629e+01
nan nan
3.024848680635177089e-01 3.024848680635177089e-01
-1.287408895043022028e+00 -1.287408895043022028e+00
9.788205067121614533e+00 9.788205067121614533e+00
2.498265351317844107e+00 2.498265351317844107e+00
nan nan
nan nan
-1.706934122250134411e+00 -1.706934122250134411e+00
3.484297353417810328e+00 3.484297353417810328e+00
4.063495039436101131e+00 4.063495039436101131e+00
-2.594398045182945367e+00 -2.594398045182945367e+00
nan nan
-1.086532385285380542e+01 -1.086532385285380542e+01
5.733745250416358630e+00 5.733745250416358630e+00
-2.750579375256176462e+00 -2.750579375256176462e+00
nan nan
7.103531853882234515e+00 7.103531853882234515e+00
-6.286526443953761145e+00 -6.286526443953761145e+00
-9.381876481663816492e+00 -9.381876481663816492e+00
-6.699952031531076102e+00 -6.699952031531076102e+00
-8.177183544572606877e+00 -8.177183544572606877e+00
-4.294881311451916872e-01 -4.294881311451916872e-01
5.381907322455457887e+00 5.381907322455457887e+00
2.219154034237780238e+00 2.219154034237780238e+00
-1.019644543175186158e+01 -1.019644543175186158e+01
2.641808017088074223e-01 2.641808017088074223e-01
-1.833728704863943904e+00 -1.833728704863943904e+00
7.225415839787407535e+00 7.225415839787407535e+00
nan nan
-1.070180571127529845e+01 -1.070180571127529845e+01
1.978183376238035862e+00 1.978183376238035862e+00
6.646039883365730816e-01 6.646039883365730816e-01
1.139860233623936736e+01 1.139860233623936736e+01
nan nan
-3.535286975997181003e+00 -3.535286975997181003e+00
-2.557686825377799344e+00 -2.557686825377799344e+00
nan nan
3.927631949091376029e+00 3.927631949091376029e+00
-1.983403969343127571e+00 -1.983403969343127571e+00
5.154783178398604448e+00 5.154783178398604448e+00
7.406366545381899869e+00 7.406366545381899869e+00
-4.176829735223819284e-02 -4.176829735223819284e-02
nan nan
nan nan
-3.956911695877376456e+00 -3.956911695877376456e+00
-7.112027540139282067e+00 -7.112027540139282067e+00
7.755587540546024172e+00 7.755587540546024172e+00
nan nan
1.033359395025311755e+01 1.033359395025311755e+01
-1.174598876115329205e-01 -1.174598876115329205e-01
4.972970266218894153e+00 4.972970266218894153e+00
-3.706921635546752469e+00 -3.706921635546752469e+00
3.463125699828790260e+00 3.463125699828790260e+00
nan nan
-7.961144720644028894e-01 -7.961144720644028894e-01
nan nan
9.020186147904290408e+00 9.020186147904290408e+00
nan nan
-3.370752721679835417e+00 -3.370752721679835417e+00
1.230509268606116535e+00 1.230509268606116535e+00
3.929194092720933895e+00 3.929194092720933895e+00
6.939058984269133035e+00 6.939058984269133035e+00
3.576745619070074156e-01 3.576745619070074156e-01
1.920110196611577891e+00 1.920110196611577891e+00
5.524844821572543196e-01 5.524844821572543196e-01
-4.855446810442323624e+00 -4.855446810442323624e+00
-1.024350059545099612e+00 -1.024350059545099612e+00
-2.747197474906712955e+00 -2.747197474906712955e+00
1.113053965627778119e+01 1.113053965627778119e+01
5.592627232950590610e+00 5.592627232950590610e+00
-2.720377705067905438e+00 -2.720377705067905438e+00
nan nan
5.412898740241125495e-01 5.412898740241125495e-01
6.459540044692602123e-01 6.459540044692602123e-01
8.358812987249422122e-01 8.358812987249422122e-01
nan nan
nan nan
nan nan
-6.091055544375246100e+00 -6.091055544375246100e+00
-1.413261339548569140e+00 -1.413261339548569140e+00
6.190966853207473974e+00 6.190966853207473974e+00
-1.190431480119882934e+01 -1.190431480119882934e+01
-9.124447776029711576e-01 -9.124447776029711576e-01
8.788513539191278312e-01 8.788513539191278312e-01
-7.503761049012371842e+00 -7.503761049012371842e+00
7.516569314719973249e+00 7.516569314719973249e+00
5.322478602672120473e-01 5.322478602672120473e-01
-8.937127623954879141e+00 -8.937127623954879141e+00
-5.236230319272589639e+00 -5.236230319272589639e+00
3.173243878176362998e+00 3.173243878176362998e+00
nan nan
6.327731457599762521e+00 6.327731457599762521e+00
nan nan
nan nan
nan nan
-3.955449003712747214e+00 -3.955449003712747214e+00
-8.469320514201768901e+00 -8.469320514201768901e+00
4.413807554030526603e+00 4.413807554030526603e+00
nan nan
-6.092046177230679760e+00 -6.092046177230679760e+00
1.121176063418187141e+01 1.121176063418187141e+01
-6.400868534590888004e+00 -6.400868534590888004e+00
3.526786711250540662e+00 3.526786711250540662e+00
-5.613969351681337372e+00 -5.613969351681337372e+00
4.545254142748277104e+00 4.545254142748277104e+00
nan nan
6.277585743943838281e+00 6.277585743943838281e+00
2.962190754118861236e+00 2.962190754118861236e+00
8.213647838930402401e+00 8.213647838930402401e+00
1.635869101922393654e+00 1.635869101922393654e+00
1.701675141460126106e+00 1.701675141460126106e+00
-1.543350507592671228e+00 -1.543350507592671228e+00
3.305892966741602379e+00 3.305892966741602379e+00
8.959514884978730720e+00 8.959514884978730720e+00
nan nan
8.009755443571378919e+00 8.009755443571378919e+00
nan nan
5.529799513551730605e+00 5.529799513551730605e+00
9.509408208784766003e+00 9.509408208784766003e+00
1.185957076790325360e+00 1.185957076790325360e+00
nan nan
5.271295484272123133e+00 5.271295484272123133e+00
1.856405725280675156e+00 1.856405725280675156e+00
8.055178142163626376e+00 8.055178142163626376e+00
nan nan
4.570694449527636039e+00 4.570694449527636039e+00
1.223719417188828373e+01 1.223719417188828373e+01
7.848167153885043490e+00 7.848167153885043490e+00
-3.311654963753483116e+00 -3.311654963753483116e+00
1.069417607246581348e+01 1.069417607246581348e+01
5.351234080260887538e+00 5.351234080260887538e+00
-6.251700015284971101e-01 -6.251700015284971101e-01
-3.240007272170593922e+00 -3.240007272170593922e+00
-7.632402335443488894e-01 -7.632402335443488894e-01
nan nan
3.490624333871220841e+00 3.490624333871220841e+00
nan nan
-4.643837024497369015e+00 -4.643837024497369015e+00
8.637049336220623985e+00 8.637049336220623985e+00
1.336251517846791970e+00 1.336251517846791970e+00
4.658163208016951273e+00 4.658163208016951273e+00
6.390975125215073938e+00 6.390975125215073938e+00
6.139324622569567680e+00 6.139324622569567680e+00
6.812391713275939509e+00 6.812391713275939509e+00
1.062643811004551964e+01 1.062643811004551964e+01
6.485874855989479215e+00 6.485874855989479215e+00
-9.835589254695399575e+00 -9.835589254695399575e+00
nan nan
-1.236215626296816339e+01 -1.236215626296816339e+01
8.222083148958219567e+00 8.222083148958219567e+00
7.764667354364078733e-01 7.764667354364078733e-01
2.323382846270931168e+00 2.323382846270931168e+00
-1.057798461237201337e+00 -1.057798461237201337e+00
5.615932517059416540e+00 5.615932517059416540e+00
nan nan
-7.749911916416134972e+00 -7.749911916416134972e+00
nan nan
nan nan
-8.822787537278955483e+00 -8.822787537278955483e+00
-1.467285140394738008e+00 -1.467285140394738008e+00
6.013204540808155585e+00 6.013204540808155585e+00
-3.959066714254059427e+00 -3.959066714254059427e+00
-5.780875456540447210e+00 -5.780875456540447210e+00
-4.306286617801923455e+00 -4.306286617801923455e+00
7.199741613882402191e-01 7.199741613882402191e-01
nan nan
-8.694414233865234820e+00 -8.694414233865234820e+00
nan nan
9.878316897299017185e+00 9.878316897299017185e+00
-1.085553965324574932e+01 -1.085553965324574932e+01
-8.069438796525062685e+00 -8.069438796525062685e+00
8.854720383180296750e+00 8.854720383180296750e+00
3.411515916753419475e+00 3.411515916753419475e+00
-5.573388515687570433e+00 -5.573388515687570433e+00
-1.134570145072696334e+01 -1.134570145072696334e+01
-1.795477419805166619e+00 -1.795477419805166619e+00
nan nan
5.926610716348584162e+00 5.926610716348584162e+00
nan nan
-7.903521035040403930e-01 -7.903521035040403930e-01
-1.837086807801526334e+00 -1.837086807801526334e+00
6.543982851571975345e+00 6.543982851571975345e+00
-3.007676216136502489e+00 -3.007676216136502489e+00
-2.016574993327520104e-01 -2.016574993327520104e-01
nan nan
nan nan
7.770760625081702955e-01 7.770760625081702955e-01
9.303440377883401169e+00 9.303440377883401169e+00
7.437346092882549442e+00 7.437346092882549442e+00
5.428026312369532924e+00 5.428026312369532924e+00
nan nan
-1.134037641578472488e+01 -1.134037641578472488e+01
-8.850867751884635481e+00 -8.850867751884635481e+00
3.234908915556216513e+00 3.234908915556216513e+00
3.023113054563918212e+00 3.023113054563918212e+00
4.922589223496469657e+00 4.922589223496469657e+00
-1.145019839864735545e+00 -1.145019839864735545e+00
3.168066959408736949e+00 3.168066959408736949e+00
nan nan
3.039535264654702473e-01 3.039535264654702473e-01
nan nan
1.484210951179700366e+00 1.484210951179700366e+00
-8.857095492675561843e+00 -8.857095492675561843e+00
-2.898236769964978699e+00 -2.898236769964978699e+00
-4.877386644598267651e+00 -4.877386644598267651e+00
nan nan
5.956216984454803409e+00 5.956216984454803409e+00
-5.660211023371640948e+00 -5.660211023371640948e+00
nan nan
-6.819764662370779718e+00 -6.819764662370779718e+00
-9.410368421625587843e+00 -9.410368421625587843e+00
nan nan
nan nan
4.677162846646433891e+00 4.677162846646433891e+00
-8.039384361876692253e+00 -8.039384361876692253e+00
nan nan
6.942622254546821026e+00 6.942622254546821026e+00
1.211135219236489213e+01 1.211135219236489213e+01
4.056920687236960532e+00 4.056920687236960532e+00
4.508425505307284809e+00 4.508425505307284809e+00
5.577111085959911563e+00 5.577111085959911563e+00
nan nan
-8.187870114472751482e+00 -8.187870114472751482e+00
nan nan
5.652973476260005903e+00 5.652973476260005903e+00
-1.504711042457451242e+00 -1.504711042457451242e+00
5.060053982512393134e+00 5.060053982512393134e+00
3.448248513246845448e-01 3.448248513246845448e-01
nan nan
4.811456968605579476e+00 4.811456968605579476e+00
1.037941537444307549e+01 1.037941537444307549e+01
1.161056504433793535e+01 1.161056504433793535e+01
8.393272548715579262e+00 8.393272548715579262e+00
9.542099484129378695e+00 9.542099484129378695e+00
1.252832069698559536e+00 1.252832069698559536e+00
-7.603673077031629646e+00 -7.603673077031629646e+00
-3.468555228038409766e+00 -3.468555228038409766e+00
2.751790491752023726e+00 2.751790491752023726e+00
3.945948363069948783e+00 3.945948363069948783e+00
7.607293848126844615e+00 7.607293848126844615e+00
3.415658769961344987e+00 3.415658769961344987e+00
nan nan
7.412918748699555138e-01 7.412918748699555138e-01
-1.158283510243230907e+01 -1.158283510243230907e+01
-1.202822067773177395e+01 -1.202822067773177395e+01
-1.067893652179288111e+01 -1.067893652179288111e+01
-2.535475190695648529e+00 -2.535475190695648529e+00
nan nan
-9.869177783904813595e+00 -9.869177783904813595e+00
-2.175842787997696703e+00 -2.175842787997696703e+00
nan nan
-7.349837816751652042e-01 -7.349837816751652042e-01
nan nan
6.799086342686178952e+00 6.799086342686178952e+00
5.963034511705679108e+00 5.963034511705679108e+00
-8.519971813877162958e+00 -8.519971813877162958e+00
2.590376340644719555e+00 2.590376340644719555e+00
-3.062506514362555166e+00 -3.062506514362555166e+00
-4.023479770622913065e-01 -4.023479770622913065e-01
-3.789173907729219692e-01 -3.789173907729219692e-01
nan nan
1.001004141454850682e+01 1.001004141454850682e+01
-2.984576400626048454e+00 -2.984576400626048454e+00
-3.105326513316992276e+00 -3.105326513316992276e+00
8.567734759687594348e+00 8.567734759687594348e+00
nan nan
nan nan
-5.461018403961713119e+00 -5.461018403961713119e+00
6.258010076389967757e+00 6.258010076389967757e+00
nan nan
-1.034760450014964839e+01 -1.034760450014964839e+01
nan nan
-4.525649929288000806e+00 -4.525649929288000806e+00
-9.017384157861425109e+00 -9.017384157861425109e+00
-1.108112492052484299e+00 -1.108112492052484299e+00
-1.447671112603522658e+00 -1.447671112603522658e+00
-2.413381813118675723e-01 -2.413381813118675723e-01
nan nan
-1.156883056183857761e+01 -1.156883056183857761e+01
8.088787002127340031e+00 8.088787002127340031e+00
-1.400537097784978258e+00 -1.400537097784978258e+00
7.805588659362953763e+00 7.805588659362953763e+00
nan nan
-8.330380467912826603e+00 -8.330380467912826603e+00
-3.515124462254155979e+00 -3.515124462254155979e+00
1.064824313698597358e+01 1.064824313698597358e+01
-3.593700220612580765e+00 -3.593700220612580765e+00
-1.121191219084166590e+01 -1.121191219084166590e+01
-3.791523397703059572e+00 -3.791523397703059572e+00
-2.205383069684792474e+00 -2.205383069684792474e+00
4.819045152411466582e+00 4.819045152411466582e+00
-4.182319226742546192e+00 -4.182319226742546192e+00
-2.355779790149902908e+00 -2.355779790149902908e+00
1.035860818689544161e+01 1.035860818689544161e+01
-6.032307978527363446e+00 -6.032307978527363446e+00
1.021560646473481881e+00 1.021560646473481881e+00
2.309836008296363374e+00 2.309836008296363374e+00
-1.531913198695809442e+00 -1.531913198695809442e+00
-1.012186076234084453e+01 -1.012186076234084453e+01
nan nan
-9.118902479959183793e+00 -9.118902479959183793e+00
2.936868610208469121e+00 2.936868610208469121e+00
-2.437687674093856671e+00 -2.437687674093856671e+00
1.052858609294963443e+01 1.052858609294963443e+01
nan nan
nan nan
7.040398979809666002e+00 7.040398979809666002e+00
-2.226845396703510005e+00 -2.226845396703510005e+00
3.638723442724229429e+00 3.638723442724229429e+00
nan nan
-1.210413719187310999e+00 -1.210413719187310999e+00
-1.053057385960516967e+01 -1.053057385960516967e+01
9.991465754525449938e+00 9.991465754525449938e+00
2.809596237458258372e+00 2.809596237458258372e+00
1.990879812265880844e+00 1.990879812265880844e+00
-2.213102344714682701e+00 -2.213102344714682701e+00
7.348964449057440618e+00 7.348964449057440618e+00
1.045953837534840858e+01 1.045953837534840858e+01
2.764956754212807510e+00 2.764956754212807510e+00
-9.928513717075126976e+00 -9.928513717075126976e+00
-5.999586066306608068e+00 -5.999586066306608068e+00
-5.715142137619356077e+00 -5.715142137619356077e+00
1.007707023679583891e+01 1.007707023679583891e+01
4.824227192288308430e+00 4.824227192288308430e+00
-7.684090152120749195e+00 -7.684090152120749195e+00
nan nan
1.176394800921096362e+01 1.176394800921096362e+01
1.130546564416441591e+01 1.130546564416441591e+01
-5.767808545037924617e+00 -5.767808545037924617e+00
5.387172237791792995e+00 5.387172237791792995e+00
-5.810464673874811581e+00 -5.810464673874811581e+00
5.409497630000696944e+00 5.409497630000696944e+00
-4.896832393776438863e+00 -4.896832393776438863e+00
nan nan
9.852715175918341117e+00 9.852715175918341117e+00
-8.727140244603706520e+00 -8.727140244603706520e+00
-3.858589968023764527e-01 -3.858589968023764527e-01
nan nan
8.654470855898283688e+00 8.654470855898283688e+00
8.376437309829970701e+00 8.376437309829970701e+00
2.990842777588643031e+00 2.990842777588643031e+00
-5.162387222833789480e+00 -5.162387222833789480e+00
nan nan
1.654226286117049582e+00 1.654226286117049582e+00
-7.630470964757357422e+00 -7.630470964757357422e+00
9.984758130769906259e+00 9.984758130769906259e+00
nan nan
2.744101760224838316e+00 2.744101760224838316e+00
3.913301109807825640e+00 3.913301109807825640e+00
nan nan
6.447570396270954518e+00 6.447570396270954518e+00
nan nan
4.779894570931543463e+00 4.779894570931543463e+00
-8.895736498349467780e+00 -8.895736498349467780e+00
1.313592068083352160e+00 1.313592068083352160e+00
5.167290861584064032e+00 5.167290861584064032e+00
nan nan
-8.484264434163703683e+00 -8.484264434163703683e+00
6.263686172782533035e+00 6.263686172782533035e+00
-1.088348235391824659e+01 -1.088348235391824659e+01
-1.866825453905892829e+00 -1.866825453905892829e+00
9.826779731737161683e+00 9.826779731737161683e+00
nan nan
nan nan
3.112027934583492694e+00 3.112027934583492694e+00
nan nan
nan nan
5.761132679097652698e+00 5.761132679097652698e+00
nan nan
-2.427373318917830147e+00 -2.427373318917830147e+00
nan nan
9.153540872439926090e+00 9.153540872439926090e+00
-6.779903714834063067e+00 -6.779903714834063067e+00
-1.959065245840839964e+00 -1.959065245840839964e+00
-1.230214040312510804e+00 -1.230214040312510804e+00
3.030825325876264742e+00 3.030825325876264742e+00
nan nan
3.588434562190736088e+00 3.588434562190736088e+00
nan nan
nan nan
nan nan
nan nan
4.553214946946413377e+00 4.553214946946413377e+00
4.741602606568982026e-01 4.741602606568982026e-01
-7.006488283369805004e-02 -7.006488283369805004e-02
-2.646442565651975887e+00 -2.646442565651975887e+00
5.445706340669950407e+00 5.445706340669950407e+00
1.111284871105236505e+01 1.111284871105236505e+01
1.150007674861975282e+01 1.150007674861975282e+01
-1.249099459517225341e+00 -1.249099459517225341e+00
-1.098955366708740655e+01 -1.098955366708740655e+01
-8.698691649379163948e+00 -8.698691649379163948e+00
nan nan
2.147626111824437523e+00 2.147626111824437523e+00
2.800542465603298226e+00 2.800542465603298226e+00
nan nan
7.202212532648347931e+00 7.202212532648347931e+00
-1.223618196175775807e+01 -1.223618196175775807e+01
4.643990590835150201e+00 4.643990590835150201e+00
5.612970327209790611e+00 5.612970327209790611e+00
3.686601600741781226e+00 3.686601600741781226e+00
4.740525784059432368e+00 4.740525784059432368e+00
-4.827009259222485582e+00 -4.827009259222485582e+00
4.282651198018941230e+00 4.282651198018941230e+00
nan nan
-1.177068881271687850e+01 -1.177068881271687850e+01
nan nan
1.590083654376279299e+00 1.590083654376279299e+00
6.005323019686358066e+00 6.005323019686358066e+00
5.470725768617830553e+00 5.470725768617830553e+00
nan nan
5.685434428124363393e+00 5.685434428124363393e+00
3.392624996032029827e+00 3.392624996032029827e+00
7.648643215889160629e+00 7.648643215889160629e+00
1.024694364573189631e+00 1.024694364573189631e+00
nan nan
8.043877052915107129e+00 8.043877052915107129e+00
5.448131801360645454e+00 5.448131801360645454e+00
6.204860561317216749e+00 6.204860561317216749e+00
9.936231526723901197e+00 9.936231526723901197e+00
nan nan
nan nan
7.620582611432064724e+00 7.620582611432064724e+00
nan nan
4.761563606761097134e+00 4.761563606761097134e+00
nan nan
-7.883129469217918128e+00 -7.883129469217918128e+00
-3.286735597457628444e-01 -3.286735597457628444e-01
nan nan
nan nan
2.142881660507564234e+00 2.142881660507564234e+00
6.616287799618666199e+00 6.616287799618666199e+00
nan nan
nan nan
nan nan
nan nan
nan nan
nan nan
6.299524598712483936e+00 6.299524598712483936e+00
4.529377493350121853e+00 4.529377493350121853e+00
nan nan
4.128057426030573573e+00 4.128057426030573573e+00
4.203705124167104401e+00 4.203705124167104401e+00
nan nan
1.029547345046173135e+01 1.029547345046173135e+01
nan nan
nan nan
5.478707431106808912e+00 5.478707431106808912e+00
2.934899010383610118e+00 2.934899010383610118e+00
6.733535393420481796e+00 6.733535393420481796e+00
4.989489803597072282e+00 4.989489803597072282e+00
nan nan
nan nan
4.875529034531357553e+00 4.875529034531357553e+00
nan nan
nan nan
-2.072267046074749430e+00 -2.072267046074749430e+00
nan nan
nan nan
nan nan
nan nan
4.349429749839895720e+00 4.349429749839895720e+00
1.729899417460473821e+00 1.729899417460473821e+00
5.643637304824622447e+00 5.643637304824622447e+00
nan nan
nan nan
nan nan
nan nan
-8.441806528933845755e+00 -8.441806528933845755e+00
1.680844622304716651e+00 1.680844622304716651e+00
nan nan
nan nan
nan nan
3.942427768860063075e+00 3.942427768860063075e+00
nan nan
nan nan
nan nan
