1.460000000000000000e+02 1.439501469802856377e+02
1.820000000000000000e+02 1.760514741096496607e+02
1.560000000000000000e+02 1.533265304126739466e+02
1.030000000000000000e+02 1.058993211393356262e+02
1.120000000000000000e+02 1.141849089879989663e+02
1.710000000000000000e+02 1.703127562747001775e+02
4.800000000000000000e+01 5.436487671279907374e+01
1.200000000000000000e+02 1.207642244322299945e+02
1.160000000000000000e+02 1.173172192959785463e+02
4.300000000000000000e+01 4.310766854155063754e+01
6.400000000000000000e+01 7.257369052124023767e+01
1.470000000000000000e+02 1.469103591828942399e+02
7.200000000000000000e+01 7.880641199302672817e+01
9.300000000000000000e+01 9.707817193603516159e+01
7.800000000000000000e+01 8.289883013916015386e+01
2.100000000000000000e+02 2.038610538558959888e+02
1.700000000000000000e+02 1.685754354543686020e+02
1.330000000000000000e+02 1.315611154661178546e+02
9.300000000000000000e+01 9.755225602912902616e+01
1.790000000000000000e+02 1.695761202507019050e+02
1.220000000000000000e+02 1.229985043044090247e+02
7.400000000000000000e+01 7.886769453430176213e+01
1.770000000000000000e+02 1.660056149177551390e+02
4.900000000000000000e+01 5.541867213821411298e+01
1.550000000000000000e+02 1.501823591804504474e+02
6.300000000000000000e+01 7.125843775939941338e+01
1.620000000000000000e+02 1.549097890815734786e+02
1.740000000000000000e+02 1.718046575622558692e+02
6.400000000000000000e+01 6.553160942363739139e+01
1.270000000000000000e+02 1.271792007232904496e+02
1.510000000000000000e+02 1.479512678337097213e+02
4.700000000000000000e+01 5.335328485679626453e+01
1.440000000000000000e+02 1.411337535133361882e+02
5.300000000000000000e+01 5.959583577346801775e+01
7.500000000000000000e+01 7.908428198242187079e+01
1.490000000000000000e+02 1.439835198612213105e+02
1.000000000000000000e+02 1.036396224040985174e+02
1.420000000000000000e+02 1.391179956378936708e+02
9.400000000000000000e+01 9.405482247319817191e+01
1.020000000000000000e+02 1.043921145505905201e+02
1.000000000000000000e+02 1.012213498668670724e+02
1.530000000000000000e+02 1.485866280269622735e+02
1.270000000000000000e+02 1.239374163169860878e+02
1.600000000000000000e+02 1.546081204643249407e+02
8.900000000000000000e+01 9.020445079565048729e+01
1.350000000000000000e+02 1.344041547124385829e+02
1.600000000000000000e+02 1.562756167221069461e+02
6.400000000000000000e+01 6.664775907325744697e+01
1.210000000000000000e+02 1.213352834916114773e+02
8.300000000000000000e+01 8.738212812614440850e+01
4.100000000000000000e+01 4.303937973690032948e+01
1.930000000000000000e+02 1.835126748313903704e+02
1.510000000000000000e+02 1.472558898277282822e+02
1.410000000000000000e+02 1.385998389530181782e+02
1.530000000000000000e+02 1.522541572842598043e+02
7.100000000000000000e+01 7.665512632942200355e+01
1.070000000000000000e+02 1.091387309875488256e+02
7.800000000000000000e+01 8.444461515617371106e+01
1.350000000000000000e+02 1.342210008547306188e+02
1.370000000000000000e+02 1.327576842136382993e+02
6.500000000000000000e+01 6.506268396365642559e+01
1.710000000000000000e+02 1.641916708240509024e+02
6.400000000000000000e+01 7.019475920104980560e+01
8.000000000000000000e+01 8.161206865072250594e+01
7.600000000000000000e+01 8.273290612602234262e+01
1.600000000000000000e+02 1.558410301475524875e+02
1.040000000000000000e+02 1.035284673340320580e+02
1.050000000000000000e+02 1.042563512961864518e+02
4.800000000000000000e+01 4.873718091750144765e+01
1.930000000000000000e+02 1.832623196640014669e+02
1.000000000000000000e+02 1.003400195677280493e+02
2.110000000000000000e+02 2.078056396493911677e+02
1.790000000000000000e+02 1.710934614257812427e+02
9.700000000000000000e+01 9.708521278429032009e+01
1.770000000000000000e+02 1.664832333297729576e+02
1.280000000000000000e+02 1.271850647697448693e+02
1.550000000000000000e+02 1.530304606218338108e+02
8.800000000000000000e+01 9.207679682922363895e+01
1.790000000000000000e+02 1.763694927587509085e+02
8.200000000000000000e+01 8.790346126747131450e+01
1.780000000000000000e+02 1.679001842460632190e+02
5.500000000000000000e+01 6.078471888923645139e+01
1.910000000000000000e+02 1.906472751175165286e+02
1.780000000000000000e+02 1.692953920364379883e+02
1.920000000000000000e+02 1.906210124950409011e+02
7.900000000000000000e+01 8.449638418960572039e+01
1.490000000000000000e+02 1.457880011768341149e+02
1.770000000000000000e+02 1.731992030410766574e+02
9.500000000000000000e+01 9.790332263088225773e+01
1.670000000000000000e+02 1.612808770828247020e+02
1.120000000000000000e+02 1.140481808967590354e+02
1.790000000000000000e+02 1.691202922592163134e+02
2.030000000000000000e+02 1.971465010910034152e+02
5.000000000000000000e+01 5.619896202278137309e+01
1.070000000000000000e+02 1.085186159415245015e+02
7.000000000000000000e+01 7.740889451980591218e+01
5.600000000000000000e+01 5.586479204636812312e+01
1.350000000000000000e+02 1.331239157123565633e+02
1.440000000000000000e+02 1.387787523422241236e+02
1.320000000000000000e+02 1.292025218429565427e+02
1.130000000000000000e+02 1.144595128679275575e+02
1.020000000000000000e+02 1.041721004915237359e+02
1.760000000000000000e+02 1.687943021907806269e+02
9.900000000000000000e+01 9.837296054863929839e+01
9.600000000000000000e+01 9.736115311431885289e+01
1.110000000000000000e+02 1.133440611486434904e+02
1.110000000000000000e+02 1.111733798590302484e+02
7.500000000000000000e+01 7.549551255226134572e+01
9.400000000000000000e+01 9.503470390462875628e+01
1.790000000000000000e+02 1.756538282470703223e+02
1.720000000000000000e+02 1.646853080902099578e+02
5.600000000000000000e+01 5.784319732666015312e+01
2.160000000000000000e+02 2.113376527290344313e+02
1.160000000000000000e+02 1.135099941673278749e+02
9.500000000000000000e+01 9.683093480300902911e+01
1.450000000000000000e+02 1.402723477115630999e+02
1.160000000000000000e+02 1.169298205118179368e+02
1.170000000000000000e+02 1.182196418075561581e+02
6.900000000000000000e+01 7.098234744167328358e+01
1.770000000000000000e+02 1.688391991539001538e+02
1.740000000000000000e+02 1.637023515777587761e+02
1.450000000000000000e+02 1.422919198055267316e+02
7.400000000000000000e+01 7.594756451320648694e+01
5.000000000000000000e+01 5.344811908054352045e+01
1.460000000000000000e+02 1.437599536018371680e+02
8.700000000000000000e+01 8.786910641789435772e+01
7.500000000000000000e+01 8.087322060775757393e+01
1.790000000000000000e+02 1.706471925048828098e+02
1.020000000000000000e+02 1.018464227235913313e+02
1.440000000000000000e+02 1.423963704395294201e+02
9.300000000000000000e+01 9.315566590118407930e+01
1.900000000000000000e+02 1.828989423637390246e+02
8.500000000000000000e+01 8.576598558425902752e+01
1.250000000000000000e+02 1.253678459970951025e+02
1.840000000000000000e+02 1.751178318023681584e+02
5.300000000000000000e+01 5.318451065808534395e+01
7.300000000000000000e+01 8.024102541160583257e+01
5.500000000000000000e+01 6.399870849990844590e+01
1.800000000000000000e+02 1.709797244911193843e+02
8.800000000000000000e+01 9.156304159736633608e+01
7.000000000000000000e+01 7.109682801342010805e+01
7.500000000000000000e+01 7.504329439881443875e+01
1.080000000000000000e+02 1.075605921357870045e+02
1.750000000000000000e+02 1.673862128334045281e+02
1.080000000000000000e+02 1.099574483098983819e+02
1.680000000000000000e+02 1.635688447265625030e+02
1.490000000000000000e+02 1.449101621704101603e+02
8.300000000000000000e+01 8.314558694410324335e+01
1.030000000000000000e+02 1.044751449661254838e+02
1.770000000000000000e+02 1.666630198860168548e+02
3.400000000000000000e+01 3.551909989166259862e+01
5.600000000000000000e+01 6.139023382377624216e+01
8.700000000000000000e+01 9.217184599304199821e+01
1.820000000000000000e+02 1.706525778923034693e+02
1.130000000000000000e+02 1.147303561959266602e+02
2.120000000000000000e+02 2.067537856674194359e+02
1.140000000000000000e+02 1.147415912933349631e+02
9.700000000000000000e+01 9.863425502061843986e+01
1.390000000000000000e+02 1.364218186903000003e+02
1.970000000000000000e+02 1.962773014879226707e+02
5.500000000000000000e+01 6.082410816574096657e+01
1.260000000000000000e+02 1.250186540064811709e+02
1.860000000000000000e+02 1.820125600013732878e+02
7.000000000000000000e+01 7.009591748857498317e+01
7.000000000000000000e+01 7.038841138839721623e+01
1.990000000000000000e+02 1.884367749824523912e+02
1.790000000000000000e+02 1.707168068542480341e+02
1.080000000000000000e+02 1.100094581747055003e+02
8.800000000000000000e+01 8.809757167717813786e+01
4.900000000000000000e+01 4.900363904140144911e+01
1.440000000000000000e+02 1.409328554306030412e+02
8.500000000000000000e+01 9.044040703773498535e+01
1.240000000000000000e+02 1.239571957380324534e+02
1.530000000000000000e+02 1.460528976078033452e+02
1.660000000000000000e+02 1.596047016468048128e+02
1.120000000000000000e+02 1.133081994872093219e+02
6.000000000000000000e+01 6.682192654037476132e+01
1.790000000000000000e+02 1.721765533084869446e+02
1.880000000000000000e+02 1.762369154891967753e+02
1.790000000000000000e+02 1.714259125480651846e+02
8.500000000000000000e+01 8.813246777153014477e+01
1.870000000000000000e+02 1.774333325538635222e+02
7.900000000000000000e+01 8.539636388778686182e+01
6.200000000000000000e+01 6.580570508575439703e+01
9.100000000000000000e+01 9.574684403419495027e+01
1.030000000000000000e+02 1.037267703609466594e+02
6.800000000000000000e+01 7.602002385330200696e+01
7.300000000000000000e+01 7.807334530830382846e+01
6.700000000000000000e+01 7.304764138984680244e+01
1.210000000000000000e+02 1.206871059944629678e+02
1.010000000000000000e+02 1.009068770772218642e+02
1.090000000000000000e+02 1.081850496699809980e+02
1.110000000000000000e+02 1.131122603979110721e+02
4.900000000000000000e+01 4.918009648025035574e+01
1.660000000000000000e+02 1.599023581504821721e+02
1.920000000000000000e+02 1.795823386688232404e+02
1.640000000000000000e+02 1.580632352561950711e+02
6.100000000000000000e+01 6.682304176521301997e+01
1.150000000000000000e+02 1.163632067904472365e+02
1.380000000000000000e+02 1.362927639780044444e+02
9.300000000000000000e+01 9.763746935462951626e+01
7.600000000000000000e+01 7.818683331489563670e+01
1.750000000000000000e+02 1.679631762180328280e+02
1.430000000000000000e+02 1.380324760017394965e+02
6.400000000000000000e+01 7.036097653579712130e+01
1.230000000000000000e+02 1.233381361833810814e+02
1.050000000000000000e+02 1.036506651840209940e+02
1.230000000000000000e+02 1.207598408136367851e+02
1.370000000000000000e+02 1.354340082516670236e+02
1.470000000000000000e+02 1.422755088119506865e+02
1.510000000000000000e+02 1.444771613559722994e+02
1.350000000000000000e+02 1.312881351299285768e+02
7.000000000000000000e+01 7.385118319320679348e+01
1.780000000000000000e+02 1.670250629806518532e+02
1.550000000000000000e+02 1.538505904955864025e+02
1.570000000000000000e+02 1.528936730117797822e+02
9.900000000000000000e+01 1.022815404338836629e+02
9.300000000000000000e+01 9.304412477082014732e+01
1.700000000000000000e+02 1.602382526969909691e+02
1.560000000000000000e+02 1.519561918792724668e+02
1.690000000000000000e+02 1.633295600204467632e+02
1.330000000000000000e+02 1.320631084690093928e+02
1.540000000000000000e+02 1.500860277671814060e+02
1.740000000000000000e+02 1.657751337242126510e+02
1.500000000000000000e+02 1.441616419868469166e+02
1.030000000000000000e+02 1.033111670579910282e+02
1.980000000000000000e+02 1.950217195434570385e+02
1.780000000000000000e+02 1.723966605567932220e+02
8.700000000000000000e+01 8.750042262744904065e+01
2.070000000000000000e+02 2.049935260581970340e+02
8.000000000000000000e+01 8.478342940902709302e+01
1.510000000000000000e+02 1.476910654554366999e+02
1.300000000000000000e+02 1.296956304335594155e+02
1.980000000000000000e+02 1.895595952568054088e+02
8.000000000000000000e+01 8.003368154208362739e+01
1.800000000000000000e+02 1.717090168914794788e+02
1.640000000000000000e+02 1.571659213428497424e+02
5.900000000000000000e+01 5.957564992165565343e+01
1.870000000000000000e+02 1.745481307220458973e+02
1.670000000000000000e+02 1.595842100296020476e+02
1.980000000000000000e+02 1.923197853317260808e+02
7.100000000000000000e+01 7.446680706787108761e+01
1.320000000000000000e+02 1.319599805552810494e+02
1.680000000000000000e+02 1.630184041042327863e+02
1.770000000000000000e+02 1.742506806726455579e+02
1.900000000000000000e+02 1.820332000541687023e+02
1.420000000000000000e+02 1.414584696996211903e+02
1.420000000000000000e+02 1.399287765388488651e+02
9.300000000000000000e+01 9.527531273555756286e+01
1.510000000000000000e+02 1.472285911865234311e+02
1.660000000000000000e+02 1.634350610208511227e+02
1.950000000000000000e+02 1.858902689437866229e+02
1.310000000000000000e+02 1.304131903786659166e+02
1.440000000000000000e+02 1.434734828157425000e+02
1.710000000000000000e+02 1.698908636765480082e+02
1.590000000000000000e+02 1.543666607284545762e+02
2.130000000000000000e+02 2.109519619827270560e+02
1.070000000000000000e+02 1.065811656723022480e+02
1.970000000000000000e+02 1.926475146045684710e+02
1.640000000000000000e+02 1.561968983802795492e+02
1.160000000000000000e+02 1.158148089324832029e+02
1.350000000000000000e+02 1.311908671054840170e+02
1.210000000000000000e+02 1.218969889707565244e+02
7.800000000000000000e+01 7.897365301561355011e+01
1.850000000000000000e+02 1.756824650192260719e+02
5.100000000000000000e+01 5.535260576057434179e+01
5.600000000000000000e+01 6.079902925109863077e+01
1.340000000000000000e+02 1.327866165304183994e+02
1.510000000000000000e+02 1.450738598613739043e+02
1.240000000000000000e+02 1.240738241527080561e+02
1.380000000000000000e+02 1.377872400109171735e+02
1.060000000000000000e+02 1.085121248760223409e+02
1.200000000000000000e+02 1.194812888524532326e+02
1.480000000000000000e+02 1.441695672378540110e+02
1.810000000000000000e+02 1.794576987528801055e+02
1.570000000000000000e+02 1.493336626243591354e+02
1.550000000000000000e+02 1.499697393512725796e+02
5.800000000000000000e+01 5.802799555078149041e+01
6.300000000000000000e+01 6.760835484504700332e+01
1.190000000000000000e+02 1.198815502469539638e+02
7.300000000000000000e+01 7.813067721748352312e+01
1.830000000000000000e+02 1.740875231666564957e+02
1.370000000000000000e+02 1.332364036636352580e+02
9.300000000000000000e+01 9.336598580360413280e+01
1.550000000000000000e+02 1.512822432994842643e+02
1.320000000000000000e+02 1.318080495827198035e+02
9.700000000000000000e+01 9.713311407911777451e+01
4.100000000000000000e+01 4.164185139966011207e+01
1.740000000000000000e+02 1.647890868873596162e+02
8.400000000000000000e+01 8.976871595382689861e+01
1.500000000000000000e+02 1.449853716659546023e+02
4.500000000000000000e+01 5.111583646965026873e+01
1.670000000000000000e+02 1.596514569091797000e+02
1.730000000000000000e+02 1.661953112201690601e+02
9.800000000000000000e+01 9.870470408558846032e+01
1.860000000000000000e+02 1.831960037240982047e+02
9.900000000000000000e+01 9.851724842596054543e+01
1.700000000000000000e+02 1.605796844444274996e+02
1.610000000000000000e+02 1.532291960716247559e+02
1.600000000000000000e+02 1.551052679042816180e+02
1.330000000000000000e+02 1.326958618550300457e+02
9.300000000000000000e+01 9.540504795837402696e+01
9.100000000000000000e+01 9.456253394222260056e+01
1.130000000000000000e+02 1.113487885398864705e+02
1.330000000000000000e+02 1.329165141497254297e+02
4.800000000000000000e+01 5.326122966766357081e+01
7.200000000000000000e+01 7.809560040473938614e+01
1.340000000000000000e+02 1.321742486915588302e+02
9.100000000000000000e+01 9.334623573112487804e+01
1.870000000000000000e+02 1.763179425468444776e+02
1.060000000000000000e+02 1.087433140592575143e+02
5.600000000000000000e+01 6.175320054054260055e+01
1.900000000000000000e+02 1.820877471122741724e+02
1.390000000000000000e+02 1.365143320751190288e+02
9.500000000000000000e+01 9.851329139328002782e+01
1.520000000000000000e+02 1.479473203620910624e+02
1.120000000000000000e+02 1.109720947775840756e+02
1.640000000000000000e+02 1.636385560051202788e+02
6.800000000000000000e+01 6.885075262784957317e+01
3.500000000000000000e+01 3.766394840145110834e+01
1.100000000000000000e+02 1.122709196243286129e+02
1.210000000000000000e+02 1.184790482025146474e+02
1.850000000000000000e+02 1.750694557380676315e+02
1.180000000000000000e+02 1.193362168555259757e+02
4.700000000000000000e+01 5.359221139717102034e+01
1.540000000000000000e+02 1.526194193887710640e+02
1.980000000000000000e+02 1.899978386802673356e+02
7.400000000000000000e+01 7.677172239780425400e+01
1.960000000000000000e+02 1.864843708381652903e+02
5.900000000000000000e+01 6.607572510337828930e+01
1.220000000000000000e+02 1.197952684316635157e+02
7.200000000000000000e+01 7.861211970520020031e+01
8.800000000000000000e+01 9.260653940963744901e+01
1.560000000000000000e+02 1.499923752574920570e+02
1.610000000000000000e+02 1.552534030895233172e+02
9.600000000000000000e+01 9.703966983270645130e+01
1.910000000000000000e+02 1.815340296859741329e+02
1.220000000000000000e+02 1.222786514754295411e+02
2.040000000000000000e+02 1.996279834117889322e+02
7.500000000000000000e+01 7.574967729806900252e+01
1.690000000000000000e+02 1.594726148872375404e+02
1.790000000000000000e+02 1.735946612167358296e+02
1.910000000000000000e+02 1.898654552659988326e+02
1.680000000000000000e+02 1.662791711597442657e+02
1.570000000000000000e+02 1.524958887290954692e+02
1.150000000000000000e+02 1.138694094557762213e+02
9.700000000000000000e+01 1.008588506259918205e+02
6.700000000000000000e+01 7.102802859687804471e+01
1.610000000000000000e+02 1.552799366760253861e+02
6.200000000000000000e+01 6.680953479003906637e+01
1.620000000000000000e+02 1.567540601692199687e+02
1.020000000000000000e+02 1.054094797048568779e+02
1.420000000000000000e+02 1.390049179983139140e+02
1.710000000000000000e+02 1.646429708347320684e+02
1.440000000000000000e+02 1.400916719398498458e+02
1.730000000000000000e+02 1.643781313819885384e+02
1.300000000000000000e+02 1.266721213674545226e+02
6.500000000000000000e+01 7.322497365188598906e+01
5.200000000000000000e+01 5.360876759338378861e+01
1.740000000000000000e+02 1.686994252185821495e+02
1.100000000000000000e+02 1.098844179779887185e+02
1.570000000000000000e+02 1.523283655624389610e+02
1.240000000000000000e+02 1.247910183408260281e+02
1.050000000000000000e+02 1.036107915244102458e+02
1.850000000000000000e+02 1.813654450550079389e+02
5.200000000000000000e+01 5.895691518211364723e+01
1.330000000000000000e+02 1.313506531171798599e+02
1.650000000000000000e+02 1.589835773448943996e+02
1.460000000000000000e+02 1.405528256702422993e+02
1.140000000000000000e+02 1.133239365403652243e+02
1.560000000000000000e+02 1.494099244346618605e+02
9.900000000000000000e+01 9.902846096785366115e+01
6.700000000000000000e+01 6.968647854804993358e+01
7.100000000000000000e+01 7.848092569732665424e+01
5.900000000000000000e+01 6.424226826095581089e+01
7.600000000000000000e+01 7.676426929855347225e+01
4.600000000000000000e+01 4.810433383369445437e+01
4.800000000000000000e+01 5.463474618721008369e+01
9.600000000000000000e+01 1.001080207595825158e+02
3.200000000000000000e+01 3.583671945953368976e+01
1.570000000000000000e+02 1.568303973008990226e+02
1.200000000000000000e+02 1.185018913779258725e+02
1.220000000000000000e+02 1.223065766756534600e+02
1.340000000000000000e+02 1.321911173467636047e+02
1.870000000000000000e+02 1.816593799953460575e+02
9.000000000000000000e+01 9.096688778018950927e+01
6.600000000000000000e+01 7.227296537017822686e+01
8.800000000000000000e+01 9.172883678817748887e+01
1.270000000000000000e+02 1.268682496758103326e+02
9.800000000000000000e+01 9.836639636564254374e+01
5.700000000000000000e+01 6.388293694686889523e+01
1.640000000000000000e+02 1.551892741432189951e+02
1.340000000000000000e+02 1.323226241669654826e+02
1.280000000000000000e+02 1.250812916297912665e+02
6.800000000000000000e+01 7.549429488754272199e+01
1.420000000000000000e+02 1.386945527973174990e+02
2.130000000000000000e+02 2.061121228866577155e+02
2.020000000000000000e+02 1.958566726512908929e+02
1.080000000000000000e+02 1.098927633028030328e+02
1.660000000000000000e+02 1.600730580043792770e+02
1.300000000000000000e+02 1.293925583643913342e+02
1.540000000000000000e+02 1.537572950819730693e+02
9.300000000000000000e+01 9.307406978771091133e+01
6.200000000000000000e+01 6.623189510917663370e+01
5.000000000000000000e+01 5.264824940967559996e+01
4.800000000000000000e+01 5.462996535301208212e+01
1.490000000000000000e+02 1.482592160840034410e+02
1.310000000000000000e+02 1.298890672917366089e+02
1.330000000000000000e+02 1.298263151769638171e+02
1.820000000000000000e+02 1.801442071971893313e+02
1.330000000000000000e+02 1.313219460306167718e+02
1.470000000000000000e+02 1.443025838108062828e+02
1.560000000000000000e+02 1.502702827854156453e+02
1.590000000000000000e+02 1.537237411422729565e+02
1.820000000000000000e+02 1.758979843063354451e+02
6.600000000000000000e+01 7.418694346237182913e+01
9.300000000000000000e+01 9.753335134124755257e+01
1.500000000000000000e+02 1.477182840986251904e+02
1.160000000000000000e+02 1.149374575428962686e+02
1.470000000000000000e+02 1.464608280770778777e+02
1.730000000000000000e+02 1.679535112724304327e+02
1.190000000000000000e+02 1.197078370430469505e+02
1.710000000000000000e+02 1.638002866764068699e+02
6.500000000000000000e+01 7.341369407272338776e+01
1.000000000000000000e+02 1.029218415441513059e+02
5.500000000000000000e+01 6.175798277473450071e+01
1.370000000000000000e+02 1.361767279682159426e+02
1.680000000000000000e+02 1.597888553504943729e+02
7.000000000000000000e+01 7.767765343093871877e+01
1.970000000000000000e+02 1.869967699127197136e+02
1.240000000000000000e+02 1.217992093076705942e+02
1.280000000000000000e+02 1.281043185046911219e+02
9.900000000000000000e+01 1.028403027038574180e+02
5.500000000000000000e+01 6.374037113189697124e+01
1.770000000000000000e+02 1.692601654167175411e+02
1.320000000000000000e+02 1.306785573163032552e+02
1.720000000000000000e+02 1.654605098342895531e+02
5.400000000000000000e+01 6.221031941223144202e+01
1.720000000000000000e+02 1.650907498474120985e+02
1.620000000000000000e+02 1.568876918888092007e+02
1.250000000000000000e+02 1.246946390447616579e+02
7.900000000000000000e+01 8.105135693454742807e+01
9.800000000000000000e+01 1.007719815292358447e+02
6.600000000000000000e+01 7.188685780525207747e+01
1.660000000000000000e+02 1.599075204296111963e+02
9.800000000000000000e+01 9.972919194459915104e+01
8.600000000000000000e+01 9.009568766212463231e+01
8.500000000000000000e+01 8.805546373844146046e+01
1.820000000000000000e+02 1.808312381186485425e+02
1.050000000000000000e+02 1.053559333117008237e+02
1.920000000000000000e+02 1.825003698768615834e+02
1.490000000000000000e+02 1.459412796916961668e+02
1.990000000000000000e+02 1.940710305156707705e+02
1.870000000000000000e+02 1.809374727325439380e+02
1.830000000000000000e+02 1.772957633934020976e+02
1.130000000000000000e+02 1.145977919592857290e+02
1.080000000000000000e+02 1.065774051346778890e+02
2.190000000000000000e+02 2.120505465908050553e+02
3.600000000000000000e+01 4.035188876533508306e+01
1.040000000000000000e+02 1.071643965740203868e+02
8.100000000000000000e+01 8.714224882507323855e+01
1.550000000000000000e+02 1.498373788261413608e+02
2.140000000000000000e+02 2.103628199691772522e+02
8.900000000000000000e+01 9.413070362854003292e+01
1.470000000000000000e+02 1.444980109081268438e+02
1.870000000000000000e+02 1.763855938186645460e+02
1.300000000000000000e+02 1.265905871887207041e+02
7.500000000000000000e+01 8.189006749916076444e+01
5.700000000000000000e+01 5.998026301765442270e+01
8.000000000000000000e+01 8.289466002082824048e+01
2.160000000000000000e+02 2.088829783954620325e+02
3.700000000000000000e+01 4.138268752098083780e+01
5.700000000000000000e+01 5.726983987021446154e+01
1.230000000000000000e+02 1.209719731206893982e+02
9.800000000000000000e+01 9.955971003007888953e+01
1.260000000000000000e+02 1.259648785005956881e+02
1.550000000000000000e+02 1.478478975849151595e+02
1.790000000000000000e+02 1.718114161224365262e+02
1.850000000000000000e+02 1.727789460372924850e+02
8.300000000000000000e+01 8.664661050987243129e+01
1.830000000000000000e+02 1.742581507148742617e+02
1.870000000000000000e+02 1.771263139801025375e+02
8.400000000000000000e+01 8.966417406463622797e+01
8.000000000000000000e+01 8.519162441062927371e+01
6.500000000000000000e+01 6.931459029197692701e+01
1.340000000000000000e+02 1.322593804025650002e+02
8.600000000000000000e+01 8.997107856559753714e+01
8.000000000000000000e+01 8.031736467218398445e+01
6.400000000000000000e+01 7.016200862503052349e+01
1.230000000000000000e+02 1.211630408782959023e+02
1.310000000000000000e+02 1.302687449009418401e+02
1.410000000000000000e+02 1.362996983089446985e+02
8.700000000000000000e+01 8.906330858707427467e+01
7.900000000000000000e+01 8.232266829395294394e+01
9.700000000000000000e+01 9.834186070346832764e+01
5.000000000000000000e+01 5.650304377365112174e+01
1.070000000000000000e+02 1.094877676038742038e+02
8.500000000000000000e+01 8.520077382087707463e+01
5.300000000000000000e+01 5.637745067024231105e+01
1.790000000000000000e+02 1.699348326225280630e+02
1.210000000000000000e+02 1.201505112602710739e+02
1.920000000000000000e+02 1.868876732711792101e+02
4.200000000000000000e+01 4.894364990425109596e+01
1.390000000000000000e+02 1.358022785177230958e+02
1.760000000000000000e+02 1.741299545354843019e+02
1.250000000000000000e+02 1.251529669401645606e+02
1.480000000000000000e+02 1.420838233242034789e+02
2.190000000000000000e+02 2.115206078758239698e+02
1.150000000000000000e+02 1.141195624270439168e+02
1.810000000000000000e+02 1.728301994781494102e+02
1.480000000000000000e+02 1.443722337789535572e+02
1.890000000000000000e+02 1.775300851440429710e+02
1.600000000000000000e+02 1.573351020994186342e+02
1.670000000000000000e+02 1.658732241215705869e+02
7.400000000000000000e+01 7.971097315788269100e+01
6.300000000000000000e+01 6.323341718316078186e+01
1.180000000000000000e+02 1.190120555577278196e+02
1.830000000000000000e+02 1.721887829551696711e+02
4.900000000000000000e+01 5.537350533485412996e+01
6.000000000000000000e+01 6.886100817871093227e+01
1.150000000000000000e+02 1.163506822128295966e+02
1.180000000000000000e+02 1.181457394571304320e+02
9.900000000000000000e+01 1.023396532011032036e+02
7.400000000000000000e+01 7.878724472427367687e+01
1.170000000000000000e+02 1.154228713369369501e+02
1.670000000000000000e+02 1.582058602867126353e+02
6.000000000000000000e+01 6.890602127838134550e+01
1.140000000000000000e+02 1.144278286184072471e+02
1.930000000000000000e+02 1.810061192245483426e+02
8.000000000000000000e+01 8.201883258438110147e+01
9.800000000000000000e+01 9.977139941072464069e+01
1.170000000000000000e+02 1.156807269196510362e+02
1.580000000000000000e+02 1.507387251014709477e+02
1.780000000000000000e+02 1.692108550071716309e+02
1.210000000000000000e+02 1.200235093111991915e+02
5.200000000000000000e+01 5.759431075859070148e+01
6.400000000000000000e+01 6.876315004730224700e+01
1.280000000000000000e+02 1.271244691467285151e+02
8.800000000000000000e+01 8.980565628290176505e+01
5.600000000000000000e+01 6.003655373954772756e+01
1.250000000000000000e+02 1.226530232439041157e+02
1.370000000000000000e+02 1.361485547854900346e+02
1.080000000000000000e+02 1.087336194298267316e+02
1.960000000000000000e+02 1.902160691127777170e+02
5.400000000000000000e+01 5.428682263958454257e+01
1.670000000000000000e+02 1.577675960807800379e+02
6.800000000000000000e+01 7.170525474548340128e+01
2.120000000000000000e+02 2.045677962074279890e+02
9.900000000000000000e+01 1.023836388673782380e+02
1.370000000000000000e+02 1.355004610676765537e+02
1.680000000000000000e+02 1.646999099121093764e+02
1.870000000000000000e+02 1.747199627876281625e+02
1.150000000000000000e+02 1.163206899685859668e+02
1.670000000000000000e+02 1.611448090515136755e+02
5.400000000000000000e+01 6.126736416244506955e+01
1.670000000000000000e+02 1.635227858934402434e+02
1.310000000000000000e+02 1.301040628170967182e+02
5.100000000000000000e+01 5.888932722473144565e+01
1.240000000000000000e+02 1.217689080324173005e+02
1.960000000000000000e+02 1.936465893373489280e+02
7.200000000000000000e+01 7.772913703727722634e+01
7.000000000000000000e+01 7.492144493103027969e+01
1.510000000000000000e+02 1.450535120906829718e+02
9.000000000000000000e+01 9.439992831230163972e+01
8.400000000000000000e+01 8.870540811729431141e+01
9.500000000000000000e+01 9.661709638500214226e+01
1.790000000000000000e+02 1.784872284176349524e+02
1.850000000000000000e+02 1.783634617576599055e+02
1.060000000000000000e+02 1.087260773811340329e+02
6.000000000000000000e+01 6.792395341873168491e+01
1.620000000000000000e+02 1.538596395797729599e+02
1.820000000000000000e+02 1.721030999603271425e+02
1.100000000000000000e+02 1.100784173696339110e+02
4.100000000000000000e+01 4.789423828124999716e+01
4.300000000000000000e+01 4.831703839492797670e+01
1.840000000000000000e+02 1.782980434036254849e+02
1.780000000000000000e+02 1.707138181762695410e+02
1.290000000000000000e+02 1.292211688392162330e+02
1.040000000000000000e+02 1.037646081032752932e+02
6.000000000000000000e+01 6.801474597167968739e+01
1.620000000000000000e+02 1.561326365852355877e+02
1.660000000000000000e+02 1.613794280929565446e+02
1.610000000000000000e+02 1.591274478664398089e+02
1.770000000000000000e+02 1.757995995130538915e+02
1.620000000000000000e+02 1.607585232844352845e+02
1.470000000000000000e+02 1.461597069082260134e+02
1.370000000000000000e+02 1.369474961489885914e+02
9.500000000000000000e+01 9.741433728981017737e+01
9.400000000000000000e+01 9.809919427108764012e+01
1.730000000000000000e+02 1.676076606521606323e+02
9.600000000000000000e+01 9.895942945671082214e+01
1.510000000000000000e+02 1.481493611488342310e+02
1.090000000000000000e+02 1.070049211301803638e+02
9.700000000000000000e+01 9.990359345245362022e+01
1.190000000000000000e+02 1.178188465704917860e+02
6.800000000000000000e+01 7.498468532562256428e+01
8.700000000000000000e+01 9.104679993057250442e+01
5.700000000000000000e+01 6.193006272888183616e+01
5.800000000000000000e+01 5.856556095218658697e+01
1.290000000000000000e+02 1.291186400083303454e+02
7.000000000000000000e+01 7.245913260650634413e+01
1.020000000000000000e+02 1.029612542152404728e+02
1.390000000000000000e+02 1.352174989757537844e+02
6.900000000000000000e+01 7.186625276470184076e+01
8.700000000000000000e+01 9.020533284568786314e+01
5.800000000000000000e+01 6.723714492034912382e+01
1.290000000000000000e+02 1.275459927549362220e+02
8.900000000000000000e+01 8.917894819462298983e+01
1.230000000000000000e+02 1.235087246832847541e+02
8.100000000000000000e+01 8.700304697036743562e+01
1.670000000000000000e+02 1.591827533111572279e+02
1.430000000000000000e+02 1.429265803139507796e+02
6.400000000000000000e+01 7.049206240272522450e+01
7.900000000000000000e+01 8.341028794097900345e+01
6.900000000000000000e+01 7.292883256530761571e+01
1.610000000000000000e+02 1.565396501178741460e+02
6.500000000000000000e+01 6.518876097100972800e+01
4.600000000000000000e+01 5.289258997154235686e+01
8.300000000000000000e+01 8.368353778862953618e+01
1.060000000000000000e+02 1.077981162509918249e+02
6.000000000000000000e+01 6.197175097942352551e+01
2.020000000000000000e+02 2.000673637952804427e+02
1.080000000000000000e+02 1.080328573906123637e+02
1.840000000000000000e+02 1.744247771034240770e+02
1.130000000000000000e+02 1.146227399082183780e+02
9.100000000000000000e+01 9.342793054103850636e+01
9.400000000000000000e+01 9.441809619820118371e+01
1.010000000000000000e+02 1.020695333771705577e+02
1.180000000000000000e+02 1.164619524483680664e+02
1.130000000000000000e+02 1.129977636827733392e+02
1.620000000000000000e+02 1.536226215629577609e+02
1.560000000000000000e+02 1.493876153182983444e+02
7.400000000000000000e+01 7.555261909437179213e+01
1.480000000000000000e+02 1.421630512981414824e+02
1.280000000000000000e+02 1.276699261975288380e+02
1.670000000000000000e+02 1.618835059528350939e+02
6.700000000000000000e+01 7.280401974296569279e+01
2.180000000000000000e+02 2.172950084776878441e+02
1.280000000000000000e+02 1.253948404455184971e+02
1.270000000000000000e+02 1.243485589656829831e+02
7.900000000000000000e+01 8.368254826545715730e+01
1.060000000000000000e+02 1.074042058424949602e+02
8.500000000000000000e+01 8.619580453014373234e+01
1.490000000000000000e+02 1.452268857250213614e+02
7.900000000000000000e+01 8.538356275177001464e+01
1.600000000000000000e+02 1.590006228318214312e+02
9.800000000000000000e+01 9.844820380139350391e+01
2.070000000000000000e+02 1.987697294158935506e+02
5.900000000000000000e+01 6.811720668411254564e+01
1.410000000000000000e+02 1.365725431404113692e+02
1.600000000000000000e+02 1.529121574172973510e+02
1.070000000000000000e+02 1.080470109157562320e+02
1.890000000000000000e+02 1.799169493064880498e+02
1.120000000000000000e+02 1.103353259367942769e+02
7.500000000000000000e+01 7.819996295833587396e+01
9.500000000000000000e+01 9.550364428925514915e+01
7.800000000000000000e+01 8.233276759338379236e+01
1.800000000000000000e+02 1.709322408752441333e+02
5.800000000000000000e+01 6.504659197616577160e+01
7.400000000000000000e+01 7.921777698516845589e+01
1.860000000000000000e+02 1.772523272933960072e+02
1.380000000000000000e+02 1.357894242277145338e+02
1.350000000000000000e+02 1.311127059650421245e+02
2.800000000000000000e+01 3.258600806045532039e+01
8.500000000000000000e+01 8.622033823680877163e+01
1.140000000000000000e+02 1.153395929245948821e+02
1.910000000000000000e+02 1.886780981607437013e+02
1.650000000000000000e+02 1.566645848350524943e+02
3.700000000000000000e+01 4.056604921054839963e+01
6.400000000000000000e+01 6.867292987823486783e+01
7.500000000000000000e+01 7.543168463265895696e+01
8.200000000000000000e+01 8.635569368934631029e+01
1.860000000000000000e+02 1.848285086874961962e+02
7.000000000000000000e+01 7.754546652603148971e+01
2.190000000000000000e+02 2.183349405338764200e+02
1.270000000000000000e+02 1.240967436132431061e+02
1.680000000000000000e+02 1.618948968105316055e+02
4.100000000000000000e+01 4.498815959167480116e+01
1.510000000000000000e+02 1.449295121803283735e+02
1.550000000000000000e+02 1.512792735710144143e+02
9.200000000000000000e+01 9.541543518161773818e+01
1.020000000000000000e+02 1.018555277053117720e+02
1.540000000000000000e+02 1.534101772451400620e+02
1.110000000000000000e+02 1.132569102907180820e+02
7.700000000000000000e+01 8.198104169654845919e+01
1.570000000000000000e+02 1.521153183937072697e+02
1.400000000000000000e+02 1.385451989078521819e+02
7.900000000000000000e+01 8.198331977272033555e+01
1.610000000000000000e+02 1.603524713056087592e+02
1.970000000000000000e+02 1.912823210315704330e+02
1.690000000000000000e+02 1.596750309562683015e+02
1.510000000000000000e+02 1.457828296031951822e+02
1.740000000000000000e+02 1.667727789115905637e+02
1.000000000000000000e+02 1.000458428188413365e+02
5.100000000000000000e+01 5.189839232873916330e+01
1.960000000000000000e+02 1.957478040144443412e+02
2.060000000000000000e+02 1.987532767276763934e+02
1.300000000000000000e+02 1.277677628316879321e+02
1.100000000000000000e+02 1.120685022563934297e+02
1.010000000000000000e+02 1.014438980414867331e+02
7.800000000000000000e+01 7.878767003583908490e+01
1.060000000000000000e+02 1.058153996498584775e+02
1.630000000000000000e+02 1.580000285034179797e+02
7.700000000000000000e+01 7.841894277906418154e+01
9.200000000000000000e+01 9.480431407451629866e+01
1.760000000000000000e+02 1.680925721092224023e+02
8.300000000000000000e+01 8.812132337379455294e+01
4.700000000000000000e+01 5.352562782478332792e+01
1.340000000000000000e+02 1.299867906036377008e+02
1.370000000000000000e+02 1.331781469345092717e+02
4.700000000000000000e+01 5.501254995727538954e+01
6.600000000000000000e+01 7.096959228706360534e+01
1.850000000000000000e+02 1.762503399696350073e+02
1.950000000000000000e+02 1.940992408509254403e+02
1.170000000000000000e+02 1.185771217355728169e+02
6.500000000000000000e+01 6.573717518067360288e+01
1.040000000000000000e+02 1.072175152702331502e+02
1.270000000000000000e+02 1.272437797073125836e+02
1.720000000000000000e+02 1.644379490623473998e+02
1.010000000000000000e+02 1.014218334980010923e+02
1.730000000000000000e+02 1.670401247158050637e+02
1.430000000000000000e+02 1.404103647346496473e+02
6.400000000000000000e+01 7.034809140396117755e+01
1.440000000000000000e+02 1.416840146703720222e+02
1.500000000000000000e+02 1.439562328090667620e+02
1.290000000000000000e+02 1.271572083644866922e+02
8.700000000000000000e+01 9.036802019119262752e+01
8.200000000000000000e+01 8.332805670499801920e+01
2.000000000000000000e+02 1.930217667655944922e+02
1.800000000000000000e+02 1.699141708488464246e+02
1.410000000000000000e+02 1.406441151266097904e+02
5.600000000000000000e+01 6.477429938125609965e+01
1.980000000000000000e+02 1.928734048061370743e+02
9.000000000000000000e+01 9.334475313282013076e+01
1.250000000000000000e+02 1.244579695131778720e+02
1.270000000000000000e+02 1.265676319812536263e+02
1.380000000000000000e+02 1.364150115580558804e+02
1.320000000000000000e+02 1.321142065769433884e+02
8.600000000000000000e+01 8.780542020702361583e+01
2.130000000000000000e+02 2.067452889995574878e+02
1.330000000000000000e+02 1.319597130794525128e+02
9.500000000000000000e+01 9.734511001396178642e+01
1.280000000000000000e+02 1.271677432839870505e+02
8.700000000000000000e+01 9.116979232406616518e+01
8.000000000000000000e+01 8.418949583816528559e+01
8.000000000000000000e+01 8.601814197158813613e+01
7.600000000000000000e+01 8.279867182159424033e+01
1.490000000000000000e+02 1.444533470115661657e+02
1.510000000000000000e+02 1.458481116733551062e+02
1.900000000000000000e+02 1.846126744232177828e+02
1.170000000000000000e+02 1.145812278175354066e+02
1.390000000000000000e+02 1.375211743717193542e+02
1.220000000000000000e+02 1.221792606623172759e+02
1.050000000000000000e+02 1.051133553006947068e+02
6.300000000000000000e+01 7.091767364883422431e+01
1.830000000000000000e+02 1.709717692642211944e+02
6.300000000000000000e+01 7.168722169494628815e+01
1.440000000000000000e+02 1.408383170537948672e+02
1.860000000000000000e+02 1.751213014068603400e+02
1.190000000000000000e+02 1.169815148725509601e+02
1.970000000000000000e+02 1.891460185623168968e+02
1.910000000000000000e+02 1.825679030494689812e+02
8.500000000000000000e+01 8.557128652286529302e+01
1.110000000000000000e+02 1.100949736251831013e+02
1.390000000000000000e+02 1.350800922069549586e+02
1.490000000000000000e+02 1.449479511966705445e+02
6.100000000000000000e+01 6.431834207630157607e+01
1.670000000000000000e+02 1.606865819835662705e+02
1.140000000000000000e+02 1.132406552269458757e+02
9.200000000000000000e+01 9.523802800178528116e+01
1.700000000000000000e+02 1.625735945167541558e+02
1.580000000000000000e+02 1.504362223854064951e+02
1.190000000000000000e+02 1.174128743190765363e+02
1.810000000000000000e+02 1.731647470321655362e+02
8.100000000000000000e+01 8.151510657954216299e+01
1.340000000000000000e+02 1.327380094704627993e+02
1.540000000000000000e+02 1.526840013494491473e+02
5.100000000000000000e+01 5.633003653144836420e+01
1.540000000000000000e+02 1.486667391548156729e+02
1.740000000000000000e+02 1.709618240299224965e+02
1.460000000000000000e+02 1.429548428516388014e+02
1.500000000000000000e+02 1.469306890745162946e+02
1.550000000000000000e+02 1.489666002311706450e+02
1.310000000000000000e+02 1.301393354325294354e+02
6.100000000000000000e+01 6.755756398773193894e+01
1.720000000000000000e+02 1.667833565254211408e+02
1.410000000000000000e+02 1.392643100695609917e+02
5.700000000000000000e+01 6.326605519866943439e+01
7.700000000000000000e+01 7.849219395256042731e+01
1.800000000000000000e+02 1.738984458503723260e+02
1.100000000000000000e+02 1.093920018920898372e+02
7.000000000000000000e+01 7.519509681510925247e+01
1.080000000000000000e+02 1.077373963804244994e+02
1.480000000000000000e+02 1.419690798397064100e+02
1.450000000000000000e+02 1.400701983509063666e+02
1.370000000000000000e+02 1.367548067870140187e+02
1.310000000000000000e+02 1.277050769538879393e+02
1.710000000000000000e+02 1.638331099910735986e+02
1.610000000000000000e+02 1.583781614303588867e+02
1.630000000000000000e+02 1.547139076995849507e+02
1.900000000000000000e+02 1.851995787563323859e+02
1.900000000000000000e+02 1.794503372764587539e+02
5.200000000000000000e+01 5.809880913162231764e+01
1.210000000000000000e+02 1.213350420848131250e+02
1.360000000000000000e+02 1.338891125440597420e+02
7.900000000000000000e+01 8.373529807281494186e+01
5.400000000000000000e+01 5.869325600051880087e+01
7.400000000000000000e+01 7.971401865577698231e+01
3.900000000000000000e+01 4.520538120841980145e+01
7.500000000000000000e+01 8.011513322830199968e+01
7.800000000000000000e+01 8.405897562980652538e+01
1.730000000000000000e+02 1.684744975051879976e+02
1.600000000000000000e+02 1.556823113880157337e+02
4.200000000000000000e+01 4.544572151947021155e+01
8.300000000000000000e+01 8.702370844078063783e+01
8.600000000000000000e+01 8.935109286880492618e+01
1.710000000000000000e+02 1.700663856048583966e+02
1.380000000000000000e+02 1.351818768396377664e+02
1.140000000000000000e+02 1.128516992187499994e+02
8.400000000000000000e+01 8.464774052405357452e+01
7.900000000000000000e+01 8.375655247879028309e+01
5.800000000000000000e+01 6.139524154758453278e+01
5.900000000000000000e+01 6.433841619682311830e+01
2.060000000000000000e+02 1.990639097194671763e+02
5.600000000000000000e+01 6.337416181564331197e+01
1.790000000000000000e+02 1.677416316452026308e+02
7.400000000000000000e+01 7.515306656980514788e+01
1.820000000000000000e+02 1.752017143859863211e+02
1.290000000000000000e+02 1.254419303922653199e+02
1.930000000000000000e+02 1.826171988677978391e+02
1.400000000000000000e+02 1.357278397197723336e+02
1.190000000000000000e+02 1.165992646207809429e+02
1.870000000000000000e+02 1.772518401031494193e+02
1.040000000000000000e+02 1.036264911314248991e+02
1.910000000000000000e+02 1.869890836029052821e+02
2.050000000000000000e+02 2.016910013761520304e+02
1.810000000000000000e+02 1.722526139183044336e+02
1.760000000000000000e+02 1.745417043137550479e+02
1.510000000000000000e+02 1.494980722742080559e+02
1.420000000000000000e+02 1.389190398502349808e+02
8.700000000000000000e+01 9.219104813003539789e+01
1.300000000000000000e+02 1.268238665256500184e+02
1.130000000000000000e+02 1.123169951410293521e+02
7.500000000000000000e+01 7.711204391384124790e+01
1.080000000000000000e+02 1.077500807503461857e+02
1.640000000000000000e+02 1.635562688947916001e+02
5.800000000000000000e+01 6.299787116813659793e+01
8.100000000000000000e+01 8.447841104698181880e+01
1.530000000000000000e+02 1.484665460453033461e+02
1.190000000000000000e+02 1.189679464519470997e+02
8.900000000000000000e+01 9.381581629180908521e+01
1.290000000000000000e+02 1.264260760660171456e+02
1.740000000000000000e+02 1.676982154045105062e+02
1.420000000000000000e+02 1.373880627765655618e+02
1.210000000000000000e+02 1.221102789263725299e+02
1.650000000000000000e+02 1.578318405284881578e+02
1.250000000000000000e+02 1.246300236914157864e+02
1.190000000000000000e+02 1.162017334079742454e+02
1.140000000000000000e+02 1.154326561789512624e+02
1.380000000000000000e+02 1.342640058155059819e+02
1.200000000000000000e+02 1.183440919179916335e+02
1.760000000000000000e+02 1.671993778877258308e+02
1.930000000000000000e+02 1.833543496398925754e+02
1.440000000000000000e+02 1.416141037378311296e+02
2.140000000000000000e+02 2.060577225036621201e+02
2.090000000000000000e+02 2.043628159713745163e+02
1.720000000000000000e+02 1.627539030303955201e+02
1.650000000000000000e+02 1.593796691551208369e+02
9.000000000000000000e+01 9.025239460968971628e+01
8.600000000000000000e+01 8.862940382194518918e+01
1.380000000000000000e+02 1.362645071783065873e+02
8.600000000000000000e+01 8.821253863334655421e+01
7.500000000000000000e+01 7.838402161121368295e+01
7.100000000000000000e+01 7.639581088638306028e+01
2.090000000000000000e+02 2.033797821598053019e+02
1.440000000000000000e+02 1.390667783355712857e+02
6.300000000000000000e+01 7.006023047256469738e+01
1.750000000000000000e+02 1.691824439411163326e+02
1.760000000000000000e+02 1.700456329364776593e+02
6.700000000000000000e+01 7.234429244041443496e+01
1.980000000000000000e+02 1.892975586090087745e+02
1.960000000000000000e+02 1.889481548213958604e+02
1.060000000000000000e+02 1.066556451692581220e+02
1.500000000000000000e+02 1.446807612609863156e+02
1.710000000000000000e+02 1.619333016471862834e+02
1.930000000000000000e+02 1.890162454261779885e+02
1.250000000000000000e+02 1.230401591081619301e+02
1.030000000000000000e+02 1.049995611724853575e+02
1.080000000000000000e+02 1.067496025171279967e+02
4.300000000000000000e+01 5.098774088287353834e+01
5.900000000000000000e+01 6.480162456321716036e+01
1.240000000000000000e+02 1.218349820013046241e+02
4.600000000000000000e+01 4.842550223922729202e+01
1.650000000000000000e+02 1.587081987838745079e+02
1.600000000000000000e+02 1.548816398601532001e+02
1.360000000000000000e+02 1.320406167697906596e+02
8.600000000000000000e+01 9.012964318847656386e+01
9.900000000000000000e+01 9.965300925922393560e+01
9.400000000000000000e+01 9.441527949690818389e+01
1.240000000000000000e+02 1.224585046148300194e+02
1.590000000000000000e+02 1.535978058643341058e+02
9.700000000000000000e+01 1.006529153919219937e+02
6.600000000000000000e+01 6.956591737174987600e+01
4.600000000000000000e+01 4.988155331039428830e+01
1.020000000000000000e+02 1.028864471707343995e+02
1.680000000000000000e+02 1.613108950958252024e+02
6.900000000000000000e+01 7.541571842956543037e+01
1.100000000000000000e+02 1.095273240816593159e+02
1.490000000000000000e+02 1.446400376777648944e+02
9.300000000000000000e+01 9.303543373031914143e+01
1.720000000000000000e+02 1.646431569099426326e+02
1.290000000000000000e+02 1.260203082838058464e+02
7.100000000000000000e+01 7.490553022003173567e+01
1.590000000000000000e+02 1.532636930103302007e+02
1.560000000000000000e+02 1.491434463996887132e+02
1.230000000000000000e+02 1.207554202089309712e+02
1.400000000000000000e+02 1.358631180171966548e+02
1.580000000000000000e+02 1.530743405570983953e+02
1.870000000000000000e+02 1.749224394721984766e+02
1.850000000000000000e+02 1.750982134819030875e+02
5.500000000000000000e+01 5.771056434917449707e+01
1.350000000000000000e+02 1.308998107681274519e+02
6.700000000000000000e+01 7.287934840583801588e+01
1.340000000000000000e+02 1.307513660106658904e+02
1.880000000000000000e+02 1.759694165153503320e+02
7.800000000000000000e+01 8.294272185134887820e+01
8.500000000000000000e+01 9.057659976387023448e+01
1.250000000000000000e+02 1.246840915349721968e+02
1.380000000000000000e+02 1.334513791713714568e+02
2.130000000000000000e+02 2.121209112310409637e+02
1.710000000000000000e+02 1.639407380771637008e+02
1.150000000000000000e+02 1.140290632100105341e+02
1.130000000000000000e+02 1.148389810829162627e+02
1.320000000000000000e+02 1.286379612636566208e+02
1.790000000000000000e+02 1.680554815902710004e+02
1.840000000000000000e+02 1.797037151679992633e+02
5.800000000000000000e+01 6.718848449707030568e+01
1.550000000000000000e+02 1.480840678501129162e+02
8.400000000000000000e+01 8.532329643678664866e+01
1.050000000000000000e+02 1.075276957092285102e+02
1.630000000000000000e+02 1.590972286529541009e+02
1.640000000000000000e+02 1.570933277397155621e+02
1.300000000000000000e+02 1.291008525207042794e+02
1.400000000000000000e+02 1.396876241220235784e+02
5.800000000000000000e+01 6.718786968231201229e+01
1.220000000000000000e+02 1.201559371700286931e+02
8.600000000000000000e+01 9.144684960365295012e+01
1.810000000000000000e+02 1.727049166831970126e+02
7.100000000000000000e+01 7.463569841384887127e+01
1.750000000000000000e+02 1.666521647109985338e+02
1.630000000000000000e+02 1.579508896503448341e+02
7.700000000000000000e+01 8.115666949272156216e+01
1.030000000000000000e+02 1.038484413897991203e+02
1.560000000000000000e+02 1.511875409431457626e+02
7.300000000000000000e+01 7.688920429039001192e+01
6.500000000000000000e+01 6.694495328235626630e+01
1.110000000000000000e+02 1.087741443490982078e+02
8.200000000000000000e+01 8.353330373620987359e+01
4.000000000000000000e+01 4.660394050407409594e+01
1.670000000000000000e+02 1.580022466278076081e+02
1.860000000000000000e+02 1.792270118484497061e+02
1.080000000000000000e+02 1.081256665129661627e+02
2.030000000000000000e+02 1.972135713195800690e+02
1.580000000000000000e+02 1.515440964984893810e+02
2.110000000000000000e+02 2.106597051186561487e+02
1.160000000000000000e+02 1.134076075935363832e+02
7.800000000000000000e+01 8.277616853332519042e+01
1.250000000000000000e+02 1.241489872124195131e+02
1.550000000000000000e+02 1.497311366710662810e+02
6.000000000000000000e+01 6.688914181327820074e+01
1.190000000000000000e+02 1.197672957999706256e+02
1.610000000000000000e+02 1.548919699459075900e+02
1.700000000000000000e+02 1.622541177177429290e+02
1.810000000000000000e+02 1.721808208732605010e+02
1.480000000000000000e+02 1.449363317317962583e+02
6.100000000000000000e+01 6.735268606185913143e+01
1.730000000000000000e+02 1.656390714225769045e+02
1.320000000000000000e+02 1.286411996488571106e+02
1.570000000000000000e+02 1.514984470367431584e+02
1.230000000000000000e+02 1.202282830142974888e+02
5.900000000000000000e+01 6.000905270719528062e+01
1.450000000000000000e+02 1.403960350189208839e+02
2.080000000000000000e+02 2.011477825756072946e+02
1.060000000000000000e+02 1.061105471234619557e+02
8.900000000000000000e+01 8.962523451542854502e+01
1.780000000000000000e+02 1.670744698410034061e+02
7.600000000000000000e+01 8.006249848937987679e+01
1.380000000000000000e+02 1.357365430145263758e+02
1.330000000000000000e+02 1.294837949476242045e+02
1.400000000000000000e+02 1.387192866291999849e+02
2.110000000000000000e+02 2.035447190055847102e+02
6.400000000000000000e+01 7.034204933357239042e+01
7.700000000000000000e+01 7.935743856525421336e+01
9.100000000000000000e+01 9.415513603496550843e+01
1.210000000000000000e+02 1.213892683135271113e+02
1.500000000000000000e+02 1.458984854526519825e+02
1.000000000000000000e+02 1.012604412612915041e+02
1.790000000000000000e+02 1.746468270511627168e+02
8.600000000000000000e+01 8.625596156358719213e+01
2.010000000000000000e+02 1.968843031482696517e+02
5.600000000000000000e+01 6.505892830657958825e+01
6.200000000000000000e+01 6.558850835037230809e+01
6.100000000000000000e+01 6.623008367156982956e+01
1.260000000000000000e+02 1.255156821637153683e+02
2.150000000000000000e+02 2.095823675193786642e+02
6.900000000000000000e+01 7.454775109672546307e+01
7.600000000000000000e+01 7.855287995052337635e+01
1.630000000000000000e+02 1.569397518768310533e+02
1.850000000000000000e+02 1.764674994697570867e+02
1.730000000000000000e+02 1.668464559020996205e+02
1.900000000000000000e+02 1.807058089294433501e+02
1.710000000000000000e+02 1.628256957435608001e+02
1.590000000000000000e+02 1.515327309837341261e+02
1.140000000000000000e+02 1.130370073094368024e+02
1.220000000000000000e+02 1.192624069652557353e+02
9.000000000000000000e+01 9.070760740756988127e+01
9.000000000000000000e+01 9.038503090846538157e+01
1.670000000000000000e+02 1.629821963787078971e+02
9.100000000000000000e+01 9.249129229640961114e+01
6.400000000000000000e+01 6.900764628982544480e+01
1.120000000000000000e+02 1.116002896585464441e+02
8.500000000000000000e+01 8.846618749046325547e+01
1.400000000000000000e+02 1.355179709701538115e+02
1.300000000000000000e+02 1.274358148183822692e+02
1.030000000000000000e+02 1.039288890891075141e+02
6.000000000000000000e+01 6.735993448257445948e+01
6.100000000000000000e+01 6.745532375717162665e+01
1.730000000000000000e+02 1.666375461769104049e+02
6.400000000000000000e+01 6.861924269485473360e+01
6.100000000000000000e+01 6.991513958740233647e+01
1.850000000000000000e+02 1.775041117897033587e+02
8.400000000000000000e+01 8.519976553916930584e+01
6.200000000000000000e+01 6.683217599296570199e+01
1.570000000000000000e+02 1.536798955268859856e+02
4.100000000000000000e+01 4.805556740570068541e+01
1.000000000000000000e+02 9.997242076499760799e+01
1.460000000000000000e+02 1.405118694820403960e+02
1.150000000000000000e+02 1.142082875571250895e+02
7.600000000000000000e+01 7.852769635868072839e+01
9.900000000000000000e+01 1.026821688842773455e+02
8.500000000000000000e+01 8.602822410345078197e+01
7.900000000000000000e+01 8.322897560501098724e+01
1.430000000000000000e+02 1.377639015350341651e+02
6.800000000000000000e+01 7.417384683990478322e+01
1.420000000000000000e+02 1.369535783824920543e+02
1.730000000000000000e+02 1.711395911073684601e+02
2.070000000000000000e+02 2.061116145932674328e+02
1.250000000000000000e+02 1.229517335920333920e+02
1.400000000000000000e+02 1.380937627286911038e+02
1.110000000000000000e+02 1.104480030736923197e+02
1.030000000000000000e+02 1.061019355077743569e+02
1.020000000000000000e+02 1.040910486392974832e+02
9.200000000000000000e+01 9.339708492374420246e+01
1.800000000000000000e+02 1.711275701217651317e+02
1.130000000000000000e+02 1.107924370365142863e+02
6.700000000000000000e+01 7.161165146446228391e+01
1.720000000000000000e+02 1.624574956398010386e+02
6.200000000000000000e+01 6.404739332771301008e+01
2.050000000000000000e+02 2.031753477811813298e+02
1.150000000000000000e+02 1.157082900359630599e+02
1.820000000000000000e+02 1.736000821075439546e+02
1.660000000000000000e+02 1.636970136728286604e+02
1.900000000000000000e+02 1.808349399452209525e+02
1.260000000000000000e+02 1.249526795120239200e+02
1.270000000000000000e+02 1.241981057844161995e+02
1.270000000000000000e+02 1.235837898054122945e+02
1.430000000000000000e+02 1.419839255237579323e+02
1.930000000000000000e+02 1.825894014472961544e+02
6.500000000000000000e+01 7.191689550399780728e+01
1.880000000000000000e+02 1.754628247413635336e+02
1.620000000000000000e+02 1.549787946777343848e+02
1.670000000000000000e+02 1.651454292497634810e+02
1.500000000000000000e+02 1.465669570865631215e+02
1.780000000000000000e+02 1.698720778884887750e+02
6.900000000000000000e+01 7.086820296859741575e+01
1.020000000000000000e+02 1.052170970230102540e+02
9.500000000000000000e+01 9.550278587579727230e+01
1.380000000000000000e+02 1.377873594289422101e+02
1.620000000000000000e+02 1.567997015056610053e+02
1.990000000000000000e+02 1.927023394260406519e+02
1.570000000000000000e+02 1.517511731376648072e+02
7.000000000000000000e+01 7.531964919281006132e+01
1.350000000000000000e+02 1.319686599473953379e+02
5.000000000000000000e+01 5.081545008349418424e+01
9.500000000000000000e+01 9.495437638480960629e+01
6.000000000000000000e+01 6.694967595481872991e+01
6.200000000000000000e+01 6.643047161674499534e+01
1.460000000000000000e+02 1.444651124663352846e+02
9.700000000000000000e+01 9.939269472789764848e+01
4.400000000000000000e+01 4.729716863536835092e+01
9.300000000000000000e+01 9.589311345863342240e+01
1.540000000000000000e+02 1.535860128859281417e+02
1.390000000000000000e+02 1.369453538064956604e+02
1.790000000000000000e+02 1.708169627761840843e+02
9.300000000000000000e+01 9.392402133655548369e+01
1.200000000000000000e+02 1.204691238477230115e+02
7.400000000000000000e+01 7.915413716316223258e+01
1.700000000000000000e+02 1.685896735033988989e+02
1.580000000000000000e+02 1.538881175975799636e+02
1.730000000000000000e+02 1.631686946334838808e+02
1.330000000000000000e+02 1.296388992891311602e+02
1.910000000000000000e+02 1.816858664169311623e+02
5.700000000000000000e+01 6.172029009819030421e+01
1.210000000000000000e+02 1.220182416982650722e+02
1.280000000000000000e+02 1.256754488286971991e+02
1.570000000000000000e+02 1.526082162513732783e+02
1.430000000000000000e+02 1.423142941234111731e+02
1.330000000000000000e+02 1.297472621221542397e+02
9.400000000000000000e+01 9.698472670269012497e+01
1.510000000000000000e+02 1.448811634941100976e+02
1.610000000000000000e+02 1.555583763217925934e+02
6.900000000000000000e+01 7.240880947017669200e+01
8.100000000000000000e+01 8.150751161479949758e+01
1.410000000000000000e+02 1.364677410373687678e+02
1.900000000000000000e+02 1.796892274475097793e+02
7.600000000000000000e+01 8.108285718536376407e+01
1.070000000000000000e+02 1.057860126481056255e+02
9.100000000000000000e+01 9.143334779858588490e+01
1.080000000000000000e+02 1.075001075961589834e+02
9.300000000000000000e+01 9.404657621574402526e+01
1.550000000000000000e+02 1.512699539318084589e+02
1.900000000000000000e+02 1.809194977569580089e+02
1.610000000000000000e+02 1.595333054895401119e+02
1.830000000000000000e+02 1.753767299652099609e+02
7.800000000000000000e+01 8.331296849441528707e+01
8.800000000000000000e+01 8.842835551357269708e+01
1.810000000000000000e+02 1.805648278630971788e+02
1.090000000000000000e+02 1.114021355981826815e+02
1.990000000000000000e+02 1.901173451461791899e+02
1.980000000000000000e+02 1.887788220787048203e+02
1.230000000000000000e+02 1.212421582288742030e+02
1.090000000000000000e+02 1.113207501440048190e+02
6.000000000000000000e+01 6.252195520114898386e+01
1.160000000000000000e+02 1.177349767236709539e+02
1.960000000000000000e+02 1.838534208869934048e+02
1.010000000000000000e+02 1.003090845966339089e+02
8.600000000000000000e+01 8.678580854344367879e+01
1.430000000000000000e+02 1.379858115615844838e+02
1.050000000000000000e+02 1.077758044214248656e+02
1.620000000000000000e+02 1.535810098609924239e+02
1.710000000000000000e+02 1.658590700969696172e+02
4.500000000000000000e+01 4.943051881027221839e+01
1.340000000000000000e+02 1.307694233798980576e+02
1.710000000000000000e+02 1.631647357749938863e+02
1.390000000000000000e+02 1.348830639934539875e+02
1.010000000000000000e+02 1.014514573404788962e+02
1.900000000000000000e+02 1.843056272735595655e+02
1.950000000000000000e+02 1.840355451393127453e+02
1.170000000000000000e+02 1.161164944689273852e+02
8.300000000000000000e+01 8.587237428474426792e+01
1.930000000000000000e+02 1.868080317115783657e+02
1.100000000000000000e+02 1.109416567783355703e+02
1.130000000000000000e+02 1.143057035341262804e+02
1.440000000000000000e+02 1.426667395591735783e+02
1.350000000000000000e+02 1.315100843400955171e+02
7.000000000000000000e+01 7.369717902374267737e+01
7.100000000000000000e+01 7.640598996734618709e+01
8.400000000000000000e+01 8.442960700798035134e+01
9.500000000000000000e+01 9.913666203498840446e+01
1.800000000000000000e+02 1.711440159835815393e+02
1.760000000000000000e+02 1.675699224128723017e+02
1.060000000000000000e+02 1.058749955765008934e+02
1.030000000000000000e+02 1.031890252168774538e+02
1.630000000000000000e+02 1.566613304157257005e+02
1.200000000000000000e+02 1.186262609348297161e+02
1.420000000000000000e+02 1.380949741878509656e+02
1.340000000000000000e+02 1.328998826193809464e+02
4.400000000000000000e+01 5.086575720405578238e+01
2.200000000000000000e+02 2.173332829837798954e+02
1.130000000000000000e+02 1.126033847854137377e+02
1.690000000000000000e+02 1.627436082172393697e+02
9.500000000000000000e+01 9.582594501471518811e+01
1.840000000000000000e+02 1.788997595767974929e+02
9.100000000000000000e+01 9.273653757381438822e+01
8.600000000000000000e+01 8.809812009143828959e+01
1.430000000000000000e+02 1.386191612529754593e+02
1.910000000000000000e+02 1.908709928131103482e+02
1.440000000000000000e+02 1.385992052173614582e+02
1.390000000000000000e+02 1.342639481296539259e+02
1.320000000000000000e+02 1.287706937084197989e+02
7.800000000000000000e+01 8.058592234706878799e+01
1.640000000000000000e+02 1.590934465751647906e+02
8.300000000000000000e+01 8.534355327701568683e+01
1.080000000000000000e+02 1.085403307621479030e+02
1.100000000000000000e+02 1.096775580998659194e+02
1.440000000000000000e+02 1.393120876922607465e+02
6.700000000000000000e+01 7.110447128677368767e+01
1.010000000000000000e+02 1.013975537271499689e+02
1.550000000000000000e+02 1.483018746376037598e+02
1.820000000000000000e+02 1.771605843467712305e+02
1.860000000000000000e+02 1.745582012290954594e+02
1.680000000000000000e+02 1.626614950447082606e+02
8.200000000000000000e+01 8.353538858604430573e+01
5.400000000000000000e+01 5.978743749618530501e+01
3.900000000000000000e+01 4.360488590431213396e+01
1.610000000000000000e+02 1.552117719039916892e+02
4.300000000000000000e+01 4.999767610168456855e+01
1.020000000000000000e+02 1.054215738039016657e+02
8.900000000000000000e+01 9.211574091339110737e+01
1.080000000000000000e+02 1.080916931402087187e+02
1.390000000000000000e+02 1.350988812923431510e+02
1.040000000000000000e+02 1.038837775369286476e+02
1.570000000000000000e+02 1.505190046958923347e+02
1.060000000000000000e+02 1.059212501920163589e+02
1.120000000000000000e+02 1.114692985575199060e+02
6.700000000000000000e+01 6.754431937289237453e+01
1.900000000000000000e+02 1.834363831176757742e+02
7.000000000000000000e+01 7.444633989906310489e+01
1.330000000000000000e+02 1.298084664983749406e+02
1.930000000000000000e+02 1.854002020339965782e+02
8.600000000000000000e+01 8.729348744630813428e+01
1.860000000000000000e+02 1.751354871749877873e+02
8.800000000000000000e+01 8.949728013753890821e+01
9.100000000000000000e+01 9.311404379367827744e+01
9.100000000000000000e+01 9.166260675573349204e+01
1.800000000000000000e+02 1.747829573287963854e+02
1.140000000000000000e+02 1.131356838874816901e+02
8.100000000000000000e+01 8.373124702072144032e+01
