-2.069394348201479161e+00 -2.069394348201479161e+00
-6.333565147996475631e+00 -6.333565147996475631e+00
-2.674748892852250037e+00 -2.674748892852250037e+00
3.491331046531710669e+00 3.491331046531710669e+00
2.783422581423199205e+00 2.783422581423199205e+00
-8.524855149540826460e-01 -8.524855149540826460e-01
7.042131977873284043e+00 7.042131977873284043e+00
1.155483970075004585e+00 1.155483970075004585e+00
nan nan
1.936867230343917612e+00 1.936867230343917612e+00
nan nan
2.414813025269779700e-01 2.414813025269779700e-01
9.443156174379410572e+00 9.443156174379410572e+00
nan nan
-5.462998410899899682e-02 -5.462998410899899682e-02
7.855100712872065571e+00 7.855100712872065571e+00
nan nan
4.818596517396380285e+00 4.818596517396380285e+00
5.664664196911532557e+00 5.664664196911532557e+00
-5.882161993699703828e+00 -5.882161993699703828e+00
-1.052912074690372179e+00 -1.052912074690372179e+00
-1.061521121367579923e+00 -1.061521121367579923e+00
5.267645382755660854e+00 5.267645382755660854e+00
-9.807845255678326879e+00 -9.807845255678326879e+00
1.465980714400714646e+00 1.465980714400714646e+00
5.588851547076378878e+00 5.588851547076378878e+00
-1.147944420431002222e+01 -1.147944420431002222e+01
7.040993493106119772e+00 7.040993493106119772e+00
-4.611956745532523883e+00 -4.611956745532523883e+00
9.185455526761639788e+00 9.185455526761639788e+00
-7.396843771926146616e+00 -7.396843771926146616e+00
-2.199085277448382669e+00 -2.199085277448382669e+00
1.305906187888507430e+00 1.305906187888507430e+00
5.044194773337018489e-01 5.044194773337018489e-01
-2.699022796507684063e+00 -2.699022796507684063e+00
6.986973561784353137e+00 6.986973561784353137e+00
-2.557314302217605473e+00 -2.557314302217605473e+00
7.293802771545064623e+00 7.293802771545064623e+00
5.022110975705395219e+00 5.022110975705395219e+00
-5.284937676784466021e+00 -5.284937676784466021e+00
4.525555756681335140e+00 4.525555756681335140e+00
-2.781813609703405632e+00 -2.781813609703405632e+00
-2.019816987598144209e-01 -2.019816987598144209e-01
2.878905873148795536e+00 2.878905873148795536e+00
nan nan
1.643065880653368893e+00 1.643065880653368893e+00
-4.152936536374193466e+00 -4.152936536374193466e+00
-3.420893225010458671e+00 -3.420893225010458671e+00
-5.643637496191626468e+00 -5.643637496191626468e+00
nan nan
1.522898837699010244e+00 1.522898837699010244e+00
-2.924747942051020289e-01 -2.924747942051020289e-01
-3.486434588226721587e+00 -3.486434588226721587e+00
3.044171718146173156e+00 3.044171718146173156e+00
7.845150014337907152e-01 7.845150014337907152e-01
4.944297620996588094e+00 4.944297620996588094e+00
2.647349986680492151e+00 2.647349986680492151e+00
nan nan
-1.027919328670382093e+01 -1.027919328670382093e+01
-3.593941500635668973e+00 -3.593941500635668973e+00
-2.288993552715590685e+00 -2.288993552715590685e+00
-6.879776513126145687e-01 -6.879776513126145687e-01
6.281822983870883448e+00 6.281822983870883448e+00
2.433396706282749289e+00 2.433396706282749289e+00
7.263250483033086624e+00 7.263250483033086624e+00
nan nan
-6.644734774813141343e-01 -6.644734774813141343e-01
-4.157112124251078455e+00 -4.157112124251078455e+00
2.639428669449905840e-02 2.639428669449905840e-02
nan nan
nan nan
-6.817746114916882760e+00 -6.817746114916882760e+00
7.035285032070694555e+00 7.035285032070694555e+00
1.897526152100232011e+00 1.897526152100232011e+00
7.845468016776056430e+00 7.845468016776056430e+00
-4.148489284440772806e+00 -4.148489284440772806e+00
-1.510347510212302069e-01 -1.510347510212302069e-01
-5.425084513863538405e-01 -5.425084513863538405e-01
1.176572633458149220e+00 1.176572633458149220e+00
-1.066795854728539084e+01 -1.066795854728539084e+01
5.678029501628714115e-01 5.678029501628714115e-01
-2.929901889604447973e+00 -2.929901889604447973e+00
-7.979888950996871344e+00 -7.979888950996871344e+00
2.443688078949017850e-01 2.443688078949017850e-01
-1.089345414819439029e+01 -1.089345414819439029e+01
-3.466738960046455986e-01 -3.466738960046455986e-01
-2.057444182267547106e+00 -2.057444182267547106e+00
4.449971471089968489e+00 4.449971471089968489e+00
-2.511371853186982861e+00 -2.511371853186982861e+00
6.850247330456825878e+00 6.850247330456825878e+00
-1.050316418471170010e+01 -1.050316418471170010e+01
6.520513562637303195e+00 6.520513562637303195e+00
-3.805300101526052359e-01 -3.805300101526052359e-01
-9.314982460167335887e+00 -9.314982460167335887e+00
-1.384026109969195062e+00 -1.384026109969195062e+00
nan nan
6.513442617524900058e+00 6.513442617524900058e+00
-3.094221771808694399e+00 -3.094221771808694399e+00
-3.693470142471930728e+00 -3.693470142471930728e+00
3.524580209947579590e+00 3.524580209947579590e+00
-5.931126104134534671e+00 -5.931126104134534671e+00
2.480625481015117373e+00 2.480625481015117373e+00
-1.026990611613459947e+01 -1.026990611613459947e+01
-6.081227369154969864e+00 -6.081227369154969864e+00
6.622765534752752536e+00 6.622765534752752536e+00
1.820793383041980462e+00 1.820793383041980462e+00
8.215323620903037138e+00 8.215323620903037138e+00
-6.531671310912878781e-02 -6.531671310912878781e-02
-1.508671346955212655e+00 -1.508671346955212655e+00
-5.105606858944572224e+00 -5.105606858944572224e+00
-2.766129281880107982e+00 -2.766129281880107982e+00
1.923136035319853221e+00 1.923136035319853221e+00
2.615279994324936297e+00 2.615279994324936297e+00
-7.156235974408453160e+00 -7.156235974408453160e+00
-4.411082188575754515e-01 -4.411082188575754515e-01
1.354634083871749883e+00 1.354634083871749883e+00
nan nan
2.901654736613075158e+00 2.901654736613075158e+00
nan nan
3.288351401708373700e-01 3.288351401708373700e-01
5.238290556707410062e-01 5.238290556707410062e-01
1.432411467520527282e+00 1.432411467520527282e+00
-3.299367830488542097e+00 -3.299367830488542097e+00
-7.427237287329113258e+00 -7.427237287329113258e+00
2.087688412058142262e+00 2.087688412058142262e+00
-4.458830145915015919e+00 -4.458830145915015919e+00
-2.449070993417802100e+00 -2.449070993417802100e+00
2.302013457886139314e+00 2.302013457886139314e+00
-4.729180486086285384e+00 -4.729180486086285384e+00
1.166920724912989371e+00 1.166920724912989371e+00
1.767182849192819205e+00 1.767182849192819205e+00
2.510066453200892056e+00 2.510066453200892056e+00
-8.339213935319390814e+00 -8.339213935319390814e+00
nan nan
-1.058931549375607162e+01 -1.058931549375607162e+01
-2.461689706901545094e+00 -2.461689706901545094e+00
2.393857881555977229e+00 2.393857881555977229e+00
4.216966724043800241e+00 4.216966724043800241e+00
-2.104197997664281949e+00 -2.104197997664281949e+00
1.076411192266689909e+00 1.076411192266689909e+00
nan nan
6.924116131684030506e+00 6.924116131684030506e+00
-8.504186298822975942e+00 -8.504186298822975942e+00
1.216491402515984532e-02 1.216491402515984532e-02
-1.343629181289380803e+00 -1.343629181289380803e+00
6.912540001411571211e-02 6.912540001411571211e-02
nan nan
-7.289809839442002115e+00 -7.289809839442002115e+00
8.634816573513388605e-01 8.634816573513388605e-01
nan nan
7.326089792944046053e-01 7.326089792944046053e-01
nan nan
-9.107474211525786956e+00 -9.107474211525786956e+00
nan nan
3.263476417301647836e-01 3.263476417301647836e-01
8.226275792072984316e+00 8.226275792072984316e+00
9.905565097242256201e+00 9.905565097242256201e+00
-9.619719442401141407e+00 -9.619719442401141407e+00
4.324012560589810761e+00 4.324012560589810761e+00
1.301257897962144305e+00 1.301257897962144305e+00
nan nan
8.285582218578468883e-02 8.285582218578468883e-02
-3.418405998548825764e-01 -3.418405998548825764e-01
-7.853761779390460163e+00 -7.853761779390460163e+00
2.317729047193434866e+00 2.317729047193434866e+00
-4.592807939870136025e+00 -4.592807939870136025e+00
-4.058152322312963634e+00 -4.058152322312963634e+00
nan nan
1.512766971014884998e-01 1.512766971014884998e-01
1.474892877410653114e+00 1.474892877410653114e+00
nan nan
-1.080088071504701119e+01 -1.080088071504701119e+01
1.780613341255681270e+00 1.780613341255681270e+00
6.137967060194993607e+00 6.137967060194993607e+00
nan nan
5.792631842431598344e+00 5.792631842431598344e+00
-1.155835345110340739e+01 -1.155835345110340739e+01
2.298666948807367660e+00 2.298666948807367660e+00
nan nan
-4.932732126952494411e+00 -4.932732126952494411e+00
8.859394850755037965e-01 8.859394850755037965e-01
2.243484334829272342e+00 2.243484334829272342e+00
-2.332736689342150171e+00 -2.332736689342150171e+00
-7.161354949695555305e-01 -7.161354949695555305e-01
6.489988871193005160e+00 6.489988871193005160e+00
-9.255516960601992693e-01 -9.255516960601992693e-01
-4.151417453478947195e+00 -4.151417453478947195e+00
1.432579558832145494e-01 1.432579558832145494e-01
3.500655624440451863e-01 3.500655624440451863e-01
-1.174378688644058499e+01 -1.174378688644058499e+01
-8.395862369972681094e+00 -8.395862369972681094e+00
2.261643529362832084e+00 2.261643529362832084e+00
3.795529946303233260e-02 3.795529946303233260e-02
nan nan
-1.622842890412279360e-02 -1.622842890412279360e-02
-3.006729333089676715e+00 -3.006729333089676715e+00
nan nan
nan nan
6.455138236418234143e+00 6.455138236418234143e+00
4.883909276130005139e-01 4.883909276130005139e-01
-7.023801915048359490e+00 -7.023801915048359490e+00
-6.356947734985904930e+00 -6.356947734985904930e+00
1.755169665674678470e+00 1.755169665674678470e+00
7.363011656107591563e+00 7.363011656107591563e+00
-7.004235225274012322e+00 -7.004235225274012322e+00
-1.228674522219667509e+01 -1.228674522219667509e+01
nan nan
nan nan
-7.655870172921979133e+00 -7.655870172921979133e+00
nan nan
3.566469961068687411e+00 3.566469961068687411e+00
-9.771901756783439197e+00 -9.771901756783439197e+00
7.486591232445462651e+00 7.486591232445462651e+00
4.552028652691010535e+00 4.552028652691010535e+00
nan nan
5.325715075110972307e+00 5.325715075110972307e+00
1.182973708319799755e+00 1.182973708319799755e+00
9.004432574647466936e+00 9.004432574647466936e+00
5.673216140061218660e+00 5.673216140061218660e+00
nan nan
6.495291868880751274e+00 6.495291868880751274e+00
nan nan
-2.881557186564067674e-01 -2.881557186564067674e-01
9.093341835016865993e-03 9.093341835016865993e-03
-4.607232558129616962e-01 -4.607232558129616962e-01
nan nan
2.709851138801825599e+00 2.709851138801825599e+00
1.479742820355056665e-01 1.479742820355056665e-01
-6.131779487886312552e+00 -6.131779487886312552e+00
-1.357856415270802231e+01 -1.357856415270802231e+01
-5.797437849328670012e+00 -5.797437849328670012e+00
6.627563875559587814e+00 6.627563875559587814e+00
1.973396113259013873e+00 1.973396113259013873e+00
-1.485836318510912690e+00 -1.485836318510912690e+00
5.190525026885067561e+00 5.190525026885067561e+00
2.541122458522719896e+00 2.541122458522719896e+00
nan nan
-7.134798352577815805e+00 -7.134798352577815805e+00
nan nan
-4.990126751518880965e+00 -4.990126751518880965e+00
7.112563146866357044e+00 7.112563146866357044e+00
7.073889812750220329e-01 7.073889812750220329e-01
-9.942117603720337371e-01 -9.942117603720337371e-01
nan nan
-2.154677872592234422e+00 -2.154677872592234422e+00
-1.254821923633684833e+00 -1.254821923633684833e+00
-4.718141324238294132e+00 -4.718141324238294132e+00
-6.581444519225968293e+00 -6.581444519225968293e+00
-3.802097915661192928e+00 -3.802097915661192928e+00
4.453614230317734624e+00 4.453614230317734624e+00
-1.135167733845987570e+01 -1.135167733845987570e+01
-9.458448299841411000e-01 -9.458448299841411000e-01
-3.851266432782503912e+00 -3.851266432782503912e+00
nan nan
nan nan
3.874873370003984796e+00 3.874873370003984796e+00
1.575053513725386267e-01 1.575053513725386267e-01
-1.033032218766209809e+01 -1.033032218766209809e+01
-4.201034956291593403e+00 -4.201034956291593403e+00
-5.524520399712347540e+00 -5.524520399712347540e+00
nan nan
-5.727431692431927956e-01 -5.727431692431927956e-01
-3.706620132934019374e+00 -3.706620132934019374e+00
nan nan
-8.538252960078228426e+00 -8.538252960078228426e+00
nan nan
-5.946462449372930337e+00 -5.946462449372930337e+00
7.453532007520859981e-01 7.453532007520859981e-01
-2.947452050502199938e+00 -2.947452050502199938e+00
-5.848297665152641045e+00 -5.848297665152641045e+00
6.606674093476154752e-01 6.606674093476154752e-01
-1.938986773333073899e+00 -1.938986773333073899e+00
5.384987696044360561e+00 5.384987696044360561e+00
-3.007889153175439478e+00 -3.007889153175439478e+00
-1.988550619270679221e-01 -1.988550619270679221e-01
-8.933091694291604767e+00 -8.933091694291604767e+00
5.210612395857694423e-02 5.210612395857694423e-02
-8.444185003691874414e+00 -8.444185003691874414e+00
-6.894445980814520425e+00 -6.894445980814520425e+00
9.377343265727287047e-01 9.377343265727287047e-01
-1.300518217560331102e+01 -1.300518217560331102e+01
-7.563889617043667357e+00 -7.563889617043667357e+00
-5.839452597134096479e+00 -5.839452597134096479e+00
4.115339030297553435e+00 4.115339030297553435e+00
3.710507378611138662e-02 3.710507378611138662e-02
-4.997947884607196301e+00 -4.997947884607196301e+00
-2.838162186514205487e+00 -2.838162186514205487e+00
nan nan
-8.478270131986334945e+00 -8.478270131986334945e+00
-4.401119635717680723e-01 -4.401119635717680723e-01
-1.793607648374369035e+00 -1.793607648374369035e+00
2.499095106666295862e+00 2.499095106666295862e+00
-3.662892675740696546e+00 -3.662892675740696546e+00
nan nan
nan nan
-2.585257370404038468e+00 -2.585257370404038468e+00
nan nan
-9.789197853382219705e+00 -9.789197853382219705e+00
-7.683687482618132281e-01 -7.683687482618132281e-01
-6.098722182362799060e-01 -6.098722182362799060e-01
nan nan
-1.521360568946981573e+00 -1.521360568946981573e+00
-4.436055116595884584e+00 -4.436055116595884584e+00
nan nan
-1.912305116959526430e+00 -1.912305116959526430e+00
-2.005605172458633234e-01 -2.005605172458633234e-01
-4.457913499636500632e+00 -4.457913499636500632e+00
-8.078047318187142167e+00 -8.078047318187142167e+00
-8.725066719897944800e-02 -8.725066719897944800e-02
-3.746943780989340667e+00 -3.746943780989340667e+00
1.263856897567912085e+00 1.263856897567912085e+00
1.245543777090968973e+00 1.245543777090968973e+00
-9.557750404795381627e+00 -9.557750404795381627e+00
4.975223124006034503e+00 4.975223124006034503e+00
5.456999891075394515e+00 5.456999891075394515e+00
nan nan
nan nan
-1.027625913688038573e+00 -1.027625913688038573e+00
-5.987915486676982368e+00 -5.987915486676982368e+00
5.781996501495711982e-01 5.781996501495711982e-01
-2.192421420753181138e-01 -2.192421420753181138e-01
3.128293435582932602e+00 3.128293435582932602e+00
-5.804425363809713190e-01 -5.804425363809713190e-01
-3.594313126755474208e+00 -3.594313126755474208e+00
-1.555247941888433516e+00 -1.555247941888433516e+00
-7.803303561557665802e+00 -7.803303561557665802e+00
-5.097675826003559507e+00 -5.097675826003559507e+00
5.071522356079516403e-02 5.071522356079516403e-02
5.403361653141590892e+00 5.403361653141590892e+00
1.375629616365721120e+00 1.375629616365721120e+00
6.025261756316993456e+00 6.025261756316993456e+00
-8.925025765867541594e+00 -8.925025765867541594e+00
-3.790479713764487002e+00 -3.790479713764487002e+00
6.345567690883098244e-01 6.345567690883098244e-01
-3.893621116333812360e+00 -3.893621116333812360e+00
2.399699915968511732e-02 2.399699915968511732e-02
nan nan
3.968831288079330832e-01 3.968831288079330832e-01
nan nan
7.051528421896522403e-01 7.051528421896522403e-01
-9.535285366938712315e+00 -9.535285366938712315e+00
nan nan
6.505862145996822221e+00 6.505862145996822221e+00
-5.240482575196120152e+00 -5.240482575196120152e+00
6.758902364229293802e+00 6.758902364229293802e+00
nan nan
-7.647718624105403151e+00 -7.647718624105403151e+00
-6.960156290745259433e+00 -6.960156290745259433e+00
nan nan
9.891421243150571030e-01 9.891421243150571030e-01
-2.897384184719367539e+00 -2.897384184719367539e+00
-5.696219588995177219e-02 -5.696219588995177219e-02
-9.752442751063082227e+00 -9.752442751063082227e+00
nan nan
-7.881911554887018667e+00 -7.881911554887018667e+00
-4.847346340720493529e+00 -4.847346340720493529e+00
-1.524690209010088893e-01 -1.524690209010088893e-01
3.035554523412273831e+00 3.035554523412273831e+00
3.919799503127961771e+00 3.919799503127961771e+00
-1.425916633506805198e+00 -1.425916633506805198e+00
8.240946518254688158e-02 8.240946518254688158e-02
5.762575759910784967e+00 5.762575759910784967e+00
6.988813165393040094e+00 6.988813165393040094e+00
-1.408522067250743248e+00 -1.408522067250743248e+00
2.799642493944155319e+00 2.799642493944155319e+00
nan nan
nan nan
-1.117378262333972572e+01 -1.117378262333972572e+01
3.530685412973205928e+00 3.530685412973205928e+00
6.197773761507518131e+00 6.197773761507518131e+00
-8.115444459864631810e+00 -8.115444459864631810e+00
-2.212760139252033298e+00 -2.212760139252033298e+00
3.982484455439903925e+00 3.982484455439903925e+00
-4.054026955176681213e+00 -4.054026955176681213e+00
-9.049937067458770912e-01 -9.049937067458770912e-01
-3.391464495158587056e-01 -3.391464495158587056e-01
1.604111315834046536e+00 1.604111315834046536e+00
nan nan
2.724812689327966275e+00 2.724812689327966275e+00
2.944689558662554774e+00 2.944689558662554774e+00
-2.488895026333533878e+00 -2.488895026333533878e+00
nan nan
-1.009773782853151758e+01 -1.009773782853151758e+01
1.791708189447625443e+00 1.791708189447625443e+00
7.293431168458441860e+00 7.293431168458441860e+00
nan nan
nan nan
nan nan
-1.198740419856555661e+00 -1.198740419856555661e+00
-8.258170281685064396e+00 -8.258170281685064396e+00
3.191400463273879495e+00 3.191400463273879495e+00
-1.109157664859048964e+01 -1.109157664859048964e+01
7.939950746966516704e+00 7.939950746966516704e+00
-1.969924441406568860e+00 -1.969924441406568860e+00
7.715158571963090850e+00 7.715158571963090850e+00
5.379349948839373674e+00 5.379349948839373674e+00
-6.022047400556866492e+00 -6.022047400556866492e+00
-5.943474030752970982e+00 -5.943474030752970982e+00
1.380019567323869545e+00 1.380019567323869545e+00
-9.918292308054773798e+00 -9.918292308054773798e+00
7.342608901249079167e-01 7.342608901249079167e-01
-4.232894680506923635e+00 -4.232894680506923635e+00
5.738420369679868571e-01 5.738420369679868571e-01
-9.646999700944418166e+00 -9.646999700944418166e+00
-5.798634294844621451e+00 -5.798634294844621451e+00
-1.217104670193542404e+00 -1.217104670193542404e+00
-1.632221660378235129e+00 -1.632221660378235129e+00
-4.211347116822674153e+00 -4.211347116822674153e+00
-8.996130531154449272e-01 -8.996130531154449272e-01
4.486864926960196343e+00 4.486864926960196343e+00
4.685150386819303847e+00 4.685150386819303847e+00
-5.510935943844387452e+00 -5.510935943844387452e+00
5.220213311535266243e+00 5.220213311535266243e+00
nan nan
-4.907263038664904542e+00 -4.907263038664904542e+00
nan nan
3.975374662224383293e+00 3.975374662224383293e+00
-2.834119138085206657e+00 -2.834119138085206657e+00
-6.482277178542599216e+00 -6.482277178542599216e+00
-3.833910566246258256e+00 -3.833910566246258256e+00
-9.125774343075185868e+00 -9.125774343075185868e+00
-3.310684856114997743e+00 -3.310684856114997743e+00
9.195522781019164427e+00 9.195522781019164427e+00
nan nan
2.271770758025412285e+00 2.271770758025412285e+00
-5.266990589431522096e+00 -5.266990589431522096e+00
1.540838330316809390e-01 1.540838330316809390e-01
nan nan
-4.774221709923266665e+00 -4.774221709923266665e+00
1.208542070731224882e+00 1.208542070731224882e+00
-1.304975053645861749e+00 -1.304975053645861749e+00
nan nan
-3.400524580346433012e+00 -3.400524580346433012e+00
8.039819325414434559e+00 8.039819325414434559e+00
-1.313547876339459464e+00 -1.313547876339459464e+00
-6.018365673698816920e+00 -6.018365673698816920e+00
-5.407252642931947406e+00 -5.407252642931947406e+00
-5.388554053924003995e-01 -5.388554053924003995e-01
-7.015779302324768096e+00 -7.015779302324768096e+00
1.348789109412233955e-01 1.348789109412233955e-01
nan nan
3.406188993837755419e+00 3.406188993837755419e+00
8.656265153607243690e+00 8.656265153607243690e+00
5.837623338850835175e+00 5.837623338850835175e+00
9.711366109127528290e-01 9.711366109127528290e-01
2.884722917659416908e+00 2.884722917659416908e+00
7.133467440381224378e+00 7.133467440381224378e+00
nan nan
4.641562603014682153e+00 4.641562603014682153e+00
4.090322984703837150e+00 4.090322984703837150e+00
-1.281441996658685412e-01 -1.281441996658685412e-01
-1.315666740263754519e+00 -1.315666740263754519e+00
nan nan
3.848855729962252781e-01 3.848855729962252781e-01
-1.472716607632342800e+00 -1.472716607632342800e+00
-5.811793800719074810e+00 -5.811793800719074810e+00
1.232822428730896869e+00 1.232822428730896869e+00
6.835950318481399890e+00 6.835950318481399890e+00
4.349604525306398628e+00 4.349604525306398628e+00
2.330847907070605629e-01 2.330847907070605629e-01
8.474806425287759737e-01 8.474806425287759737e-01
7.505816777415537544e+00 7.505816777415537544e+00
nan nan
-9.266773845980996072e+00 -9.266773845980996072e+00
-1.710891461477940467e+00 -1.710891461477940467e+00
-3.120490344145887107e+00 -3.120490344145887107e+00
8.444467113406115999e+00 8.444467113406115999e+00
-3.479667733058098733e+00 -3.479667733058098733e+00
-7.064752641655271503e+00 -7.064752641655271503e+00
-6.383923820686465689e+00 -6.383923820686465689e+00
2.072566910255777550e+00 2.072566910255777550e+00
-6.488563620296639023e+00 -6.488563620296639023e+00
-2.990689772677157521e-01 -2.990689772677157521e-01
-2.681542571140331788e-01 -2.681542571140331788e-01
3.658582337880496027e-01 3.658582337880496027e-01
5.059801734265434447e+00 5.059801734265434447e+00
3.230205081007681223e+00 3.230205081007681223e+00
7.185957288567356827e+00 7.185957288567356827e+00
-5.297264454067796002e-01 -5.297264454067796002e-01
-7.656869321580757060e-01 -7.656869321580757060e-01
-3.239226857469561516e+00 -3.239226857469561516e+00
-1.910945787427600351e+00 -1.910945787427600351e+00
-1.258227111886068172e+00 -1.258227111886068172e+00
-2.470465175972677230e+00 -2.470465175972677230e+00
nan nan
-5.882395812138813795e+00 -5.882395812138813795e+00
-5.127949040383438017e+00 -5.127949040383438017e+00
-6.642701598213480274e+00 -6.642701598213480274e+00
9.310300021649510427e+00 9.310300021649510427e+00
5.407672918692444597e+00 5.407672918692444597e+00
-2.089809711707852458e+00 -2.089809711707852458e+00
-8.240329898144285181e-01 -8.240329898144285181e-01
-5.791127620614666682e-01 -5.791127620614666682e-01
-5.384846532319290446e+00 -5.384846532319290446e+00
1.024737251455281495e+00 1.024737251455281495e+00
-7.285229889135209191e+00 -7.285229889135209191e+00
9.427151198193527648e+00 9.427151198193527648e+00
3.366324896211537521e+00 3.366324896211537521e+00
7.392963960836993920e+00 7.392963960836993920e+00
-8.995428651905541528e-01 -8.995428651905541528e-01
nan nan
-8.387059085498925981e+00 -8.387059085498925981e+00
nan nan
8.681239860498640937e+00 8.681239860498640937e+00
-1.052181949587692067e+01 -1.052181949587692067e+01
-1.962311035894472866e+00 -1.962311035894472866e+00
nan nan
4.935421943354114660e-01 4.935421943354114660e-01
4.751485429476547395e+00 4.751485429476547395e+00
1.002974237662262169e+01 1.002974237662262169e+01
-7.810534647050690893e+00 -7.810534647050690893e+00
-1.215937605357559903e+00 -1.215937605357559903e+00
-6.831908435889840980e+00 -6.831908435889840980e+00
9.510928599171478481e+00 9.510928599171478481e+00
-7.146032611309735216e+00 -7.146032611309735216e+00
-4.805455198347289070e+00 -4.805455198347289070e+00
8.568749290774491101e-02 8.568749290774491101e-02
2.785874887622323826e+00 2.785874887622323826e+00
3.271605430619807464e+00 3.271605430619807464e+00
nan nan
6.768567726293895248e+00 6.768567726293895248e+00
-6.106150807420806181e+00 -6.106150807420806181e+00
2.152608991219061352e+00 2.152608991219061352e+00
4.551418199523244112e+00 4.551418199523244112e+00
3.633180597662679645e+00 3.633180597662679645e+00
-1.293146489484129802e+00 -1.293146489484129802e+00
8.585823342859946194e-01 8.585823342859946194e-01
-1.035743038312668851e+01 -1.035743038312668851e+01
-2.973897322853460423e+00 -2.973897322853460423e+00
-5.016364914461661328e+00 -5.016364914461661328e+00
-6.285569622531667733e+00 -6.285569622531667733e+00
-6.261727730105928202e+00 -6.261727730105928202e+00
2.266640654781706843e+00 2.266640654781706843e+00
-1.316435015684367826e+00 -1.316435015684367826e+00
-7.809259817323351172e+00 -7.809259817323351172e+00
4.778198755467093939e+00 4.778198755467093939e+00
3.998458669447572333e+00 3.998458669447572333e+00
7.030831761290576409e+00 7.030831761290576409e+00
-5.113592526564712415e+00 -5.113592526564712415e+00
-4.772759154423170003e+00 -4.772759154423170003e+00
5.967188679325955647e+00 5.967188679325955647e+00
-2.124974978875474818e+00 -2.124974978875474818e+00
-1.089510621385266020e+01 -1.089510621385266020e+01
-3.155759093710587493e+00 -3.155759093710587493e+00
7.770074940267974739e+00 7.770074940267974739e+00
nan nan
3.635265781631346726e+00 3.635265781631346726e+00
3.578883695858334768e+00 3.578883695858334768e+00
-7.503575082213160385e+00 -7.503575082213160385e+00
4.629190160439827118e+00 4.629190160439827118e+00
4.328049891899805601e-01 4.328049891899805601e-01
-1.870973937120042230e+00 -1.870973937120042230e+00
2.021277840582660801e+00 2.021277840582660801e+00
4.178787824384482263e-01 4.178787824384482263e-01
-7.230874209730441038e+00 -7.230874209730441038e+00
-7.258111187199739689e+00 -7.258111187199739689e+00
-1.275513075518467332e+01 -1.275513075518467332e+01
4.292198251432008504e+00 4.292198251432008504e+00
-8.987706539490663005e+00 -8.987706539490663005e+00
-1.015139194902740627e+01 -1.015139194902740627e+01
6.305035699037254915e+00 6.305035699037254915e+00
5.851432160940369442e+00 5.851432160940369442e+00
5.003470880663438258e+00 5.003470880663438258e+00
-1.512432938297365581e+00 -1.512432938297365581e+00
4.340058165331969420e+00 4.340058165331969420e+00
3.524333230045764154e-01 3.524333230045764154e-01
6.820535916796838904e+00 6.820535916796838904e+00
nan nan
-1.446738762758013053e+00 -1.446738762758013053e+00
-4.059347847936436438e-01 -4.059347847936436438e-01
-4.554619971618290464e+00 -4.554619971618290464e+00
2.416030744651280315e+00 2.416030744651280315e+00
3.820478655284957448e+00 3.820478655284957448e+00
nan nan
nan nan
2.026134132878106620e+00 2.026134132878106620e+00
7.246635818117454164e+00 7.246635818117454164e+00
2.953905860834238339e+00 2.953905860834238339e+00
1.974708820441311019e-01 1.974708820441311019e-01
3.779753103035546236e+00 3.779753103035546236e+00
-9.357938194815712762e+00 -9.357938194815712762e+00
nan nan
-7.386345995553695865e-01 -7.386345995553695865e-01
-5.179323180893962153e+00 -5.179323180893962153e+00
7.625712104035072159e+00 7.625712104035072159e+00
-3.020977152554092271e+00 -3.020977152554092271e+00
-1.662845875792143602e+00 -1.662845875792143602e+00
1.275382328959402400e-01 1.275382328959402400e-01
-5.854921796640972786e+00 -5.854921796640972786e+00
nan nan
-8.565369334196933693e+00 -8.565369334196933693e+00
-6.704325378764774968e-01 -6.704325378764774968e-01
nan nan
-8.378487810180839546e+00 -8.378487810180839546e+00
-3.282226292775575871e+00 -3.282226292775575871e+00
-1.200012810187301859e+01 -1.200012810187301859e+01
nan nan
-2.642044177923807524e+00 -2.642044177923807524e+00
-1.365235845933581160e+00 -1.365235845933581160e+00
6.408632656417452722e+00 6.408632656417452722e+00
-1.925468225759063845e-02 -1.925468225759063845e-02
1.445003469786174222e+00 1.445003469786174222e+00
-1.121409406069711956e+01 -1.121409406069711956e+01
nan nan
7.007771379925717525e+00 7.007771379925717525e+00
9.698167690991287060e+00 9.698167690991287060e+00
1.871831504618160835e+00 1.871831504618160835e+00
1.707104840387305700e-01 1.707104840387305700e-01
3.774274334625495442e+00 3.774274334625495442e+00
nan nan
nan nan
5.555180143061342335e+00 5.555180143061342335e+00
-1.430834635323881443e+00 -1.430834635323881443e+00
nan nan
-9.161014457776623487e+00 -9.161014457776623487e+00
9.861915674726553505e+00 9.861915674726553505e+00
6.331571410452880855e-01 6.331571410452880855e-01
-1.307712439819870553e+01 -1.307712439819870553e+01
nan nan
2.606076817592395400e+00 2.606076817592395400e+00
2.307346792642698929e+00 2.307346792642698929e+00
-1.138381592640534734e+00 -1.138381592640534734e+00
-7.256105453545917072e+00 -7.256105453545917072e+00
-9.196172781864049739e+00 -9.196172781864049739e+00
-7.932010522549446385e-01 -7.932010522549446385e-01
6.201319114324926218e+00 6.201319114324926218e+00
5.404829944688694709e+00 5.404829944688694709e+00
-3.808314048104186611e-01 -3.808314048104186611e-01
nan nan
2.158397632124732013e+00 2.158397632124732013e+00
4.691870004876687261e+00 4.691870004876687261e+00
-2.023066831388945275e+00 -2.023066831388945275e+00
-5.498453799021678634e-01 -5.498453799021678634e-01
8.307263341259609746e-01 8.307263341259609746e-01
-5.856590581790745986e+00 -5.856590581790745986e+00
1.155706611272080409e-01 1.155706611272080409e-01
-9.330334419319100903e+00 -9.330334419319100903e+00
4.399351504910593569e+00 4.399351504910593569e+00
-7.492123788383892702e+00 -7.492123788383892702e+00
4.100608220189553066e+00 4.100608220189553066e+00
-1.189700422161148019e+00 -1.189700422161148019e+00
-3.532366839672908654e+00 -3.532366839672908654e+00
-1.288086391844055889e+01 -1.288086391844055889e+01
1.753691199792888344e+00 1.753691199792888344e+00
nan nan
-5.697895207647171389e+00 -5.697895207647171389e+00
8.129351708538816723e+00 8.129351708538816723e+00
-3.519049213416018063e+00 -3.519049213416018063e+00
nan nan
-7.230758276175137667e-01 -7.230758276175137667e-01
9.062589843909947263e+00 9.062589843909947263e+00
-2.024364303135577359e+00 -2.024364303135577359e+00
-2.373602496919161808e+00 -2.373602496919161808e+00
6.595528216717100989e+00 6.595528216717100989e+00
5.425534500254932446e+00 5.425534500254932446e+00
-5.843246849618157768e+00 -5.843246849618157768e+00
5.133341110329112666e+00 5.133341110329112666e+00
5.329695008938251988e+00 5.329695008938251988e+00
1.702645784582749400e+00 1.702645784582749400e+00
-5.275777399452863392e-01 -5.275777399452863392e-01
-6.924426909720557077e+00 -6.924426909720557077e+00
nan nan
3.283525748970376412e+00 3.283525748970376412e+00
8.903655491129590871e+00 8.903655491129590871e+00
-8.259130340773761958e+00 -8.259130340773761958e+00
nan nan
-1.020330728122804054e+01 -1.020330728122804054e+01
3.338413601312080203e-01 3.338413601312080203e-01
7.706075213699897120e+00 7.706075213699897120e+00
5.828010408728627745e+00 5.828010408728627745e+00
nan nan
nan nan
-5.953201123474413770e+00 -5.953201123474413770e+00
-7.490766431958899574e+00 -7.490766431958899574e+00
4.124646755122896025e-01 4.124646755122896025e-01
-7.684091198223219621e-02 -7.684091198223219621e-02
8.639620479236093331e+00 8.639620479236093331e+00
nan nan
-6.103412509331704427e+00 -6.103412509331704427e+00
-4.368885162127288169e+00 -4.368885162127288169e+00
-2.212621584478755565e+00 -2.212621584478755565e+00
-1.492279208389458489e+00 -1.492279208389458489e+00
-1.108587719265653249e+00 -1.108587719265653249e+00
-6.634564112632972410e-01 -6.634564112632972410e-01
nan nan
nan nan
-7.021030456662202823e-02 -7.021030456662202823e-02
3.165989744267339034e+00 3.165989744267339034e+00
4.839098395810506048e+00 4.839098395810506048e+00
-5.518245698439923075e+00 -5.518245698439923075e+00
3.550900964670869797e+00 3.550900964670869797e+00
-2.758095586552153478e+00 -2.758095586552153478e+00
-1.903250514112592384e+00 -1.903250514112592384e+00
3.355397364464310250e+00 3.355397364464310250e+00
-1.255642818134772298e+00 -1.255642818134772298e+00
7.910510711811165052e+00 7.910510711811165052e+00
nan nan
4.592371090876081752e+00 4.592371090876081752e+00
5.612807471964348593e+00 5.612807471964348593e+00
6.925252708403011326e-01 6.925252708403011326e-01
nan nan
5.474068948123722578e-01 5.474068948123722578e-01
3.167303852578307932e+00 3.167303852578307932e+00
1.673069243712379972e+00 1.673069243712379972e+00
-3.524649272725417504e+00 -3.524649272725417504e+00
3.477068487660279317e+00 3.477068487660279317e+00
3.582547601733131692e+00 3.582547601733131692e+00
1.005485047811794352e+01 1.005485047811794352e+01
nan nan
nan nan
-1.441999447035568593e+00 -1.441999447035568593e+00
nan nan
3.963387198381846943e-01 3.963387198381846943e-01
6.870845791268749281e-01 6.870845791268749281e-01
nan nan
7.101260268836783851e+00 7.101260268836783851e+00
-8.218519446985549592e+00 -8.218519446985549592e+00
-3.302257107355064392e-01 -3.302257107355064392e-01
7.307972531206829991e+00 7.307972531206829991e+00
4.926829550998620633e+00 4.926829550998620633e+00
4.553878681414417429e+00 4.553878681414417429e+00
-4.398140439216369657e+00 -4.398140439216369657e+00
1.329216590987414293e-01 1.329216590987414293e-01
7.688236566533070082e+00 7.688236566533070082e+00
8.680962141890855577e-01 8.680962141890855577e-01
1.956790317065912888e+00 1.956790317065912888e+00
2.272050008242573860e+00 2.272050008242573860e+00
nan nan
nan nan
-1.923014364185473113e+00 -1.923014364185473113e+00
1.466262607965749254e-01 1.466262607965749254e-01
-9.999081841735927512e+00 -9.999081841735927512e+00
2.006768776500884144e+00 2.006768776500884144e+00
2.806335980611823544e+00 2.806335980611823544e+00
3.156886333872623851e-01 3.156886333872623851e-01
1.103611793337236691e+00 1.103611793337236691e+00
-1.490938018621669414e+00 -1.490938018621669414e+00
-4.588849171133446703e-02 -4.588849171133446703e-02
-8.343359974235500687e+00 -8.343359974235500687e+00
-6.687261760862496018e+00 -6.687261760862496018e+00
1.931368775209945987e+00 1.931368775209945987e+00
-5.901659829209524588e+00 -5.901659829209524588e+00
-5.227645465086361298e-02 -5.227645465086361298e-02
nan nan
-4.950897609317172154e+00 -4.950897609317172154e+00
6.463749127472354417e+00 6.463749127472354417e+00
-6.280862586039290818e-01 -6.280862586039290818e-01
nan nan
nan nan
nan nan
nan nan
-2.406784043093303183e+00 -2.406784043093303183e+00
nan nan
-2.427507089711447463e+00 -2.427507089711447463e+00
5.616402486813390382e+00 5.616402486813390382e+00
nan nan
1.676709026740102360e+00 1.676709026740102360e+00
1.568592854343560994e+00 1.568592854343560994e+00
-3.605262914435098054e+00 -3.605262914435098054e+00
7.055084301362118282e+00 7.055084301362118282e+00
-8.580054135976986629e-01 -8.580054135976986629e-01
nan nan
3.955312591842883307e-01 3.955312591842883307e-01
-8.363278510441471525e+00 -8.363278510441471525e+00
9.915719299280203458e+00 9.915719299280203458e+00
nan nan
-4.549628689593347985e+00 -4.549628689593347985e+00
-7.176378595853157627e+00 -7.176378595853157627e+00
nan nan
1.212807716102524580e+00 1.212807716102524580e+00
-9.675566135551726177e+00 -9.675566135551726177e+00
-1.557835683659783754e+00 -1.557835683659783754e+00
3.464225180633015100e+00 3.464225180633015100e+00
4.130376862742100030e-01 4.130376862742100030e-01
nan nan
nan nan
5.235015067842937242e+00 5.235015067842937242e+00
-9.478114417078714382e+00 -9.478114417078714382e+00
7.732511077328524607e+00 7.732511077328524607e+00
6.256475454137911285e+00 6.256475454137911285e+00
-9.055353841818252647e+00 -9.055353841818252647e+00
-2.315919568823549213e+00 -2.315919568823549213e+00
-3.706839473374312632e+00 -3.706839473374312632e+00
5.235062027408416085e+00 5.235062027408416085e+00
1.619061329201332500e+00 1.619061329201332500e+00
1.735241122934754188e+00 1.735241122934754188e+00
-2.369221671630234116e+00 -2.369221671630234116e+00
-8.515230806626160387e+00 -8.515230806626160387e+00
4.010395984146852832e+00 4.010395984146852832e+00
4.981071442136030036e+00 4.981071442136030036e+00
6.058788048350720601e-01 6.058788048350720601e-01
nan nan
5.026374645170168520e+00 5.026374645170168520e+00
-1.156796336024020100e+00 -1.156796336024020100e+00
8.537246405022443696e+00 8.537246405022443696e+00
nan nan
nan nan
-3.078161656137243796e-01 -3.078161656137243796e-01
-2.867328059062428380e+00 -2.867328059062428380e+00
-6.295632288152834377e+00 -6.295632288152834377e+00
nan nan
nan nan
4.307928846810927581e+00 4.307928846810927581e+00
-6.277104057004761373e+00 -6.277104057004761373e+00
nan nan
-3.474513594529668126e+00 -3.474513594529668126e+00
3.963315157033580505e+00 3.963315157033580505e+00
7.928270690539918064e-03 7.928270690539918064e-03
-4.325490153721811559e-01 -4.325490153721811559e-01
2.785593511366130315e+00 2.785593511366130315e+00
5.706798682341347018e+00 5.706798682341347018e+00
-4.705040560800629379e+00 -4.705040560800629379e+00
-7.823090435259416608e-01 -7.823090435259416608e-01
3.219830704222395479e+00 3.219830704222395479e+00
-8.229782719112890277e-01 -8.229782719112890277e-01
-5.935941023690498142e+00 -5.935941023690498142e+00
nan nan
nan nan
-9.401284087476003748e+00 -9.401284087476003748e+00
-5.251745790358732791e+00 -5.251745790358732791e+00
nan nan
-7.408336980646406111e+00 -7.408336980646406111e+00
1.942707162722694392e-01 1.942707162722694392e-01
1.329215040746323240e+00 1.329215040746323240e+00
-1.589501778186144243e-01 -1.589501778186144243e-01
-7.522493062207342263e+00 -7.522493062207342263e+00
-2.092080016642169582e+00 -2.092080016642169582e+00
2.592529804206408883e+00 2.592529804206408883e+00
7.113039041476714175e-01 7.113039041476714175e-01
nan nan
nan nan
8.589487243406113137e-01 8.589487243406113137e-01
-8.906658343474660455e-02 -8.906658343474660455e-02
-4.943530857659811595e+00 -4.943530857659811595e+00
nan nan
1.503288407107007174e+00 1.503288407107007174e+00
3.439427040275614189e+00 3.439427040275614189e+00
-7.986999329180957119e+00 -7.986999329180957119e+00
5.930002019388595613e+00 5.930002019388595613e+00
7.057889256830623737e+00 7.057889256830623737e+00
-4.333813903112439192e+00 -4.333813903112439192e+00
-3.561292737172603751e+00 -3.561292737172603751e+00
9.046610452792258172e+00 9.046610452792258172e+00
5.583933758427869876e+00 5.583933758427869876e+00
-9.177902360793899206e+00 -9.177902360793899206e+00
-8.660581851712123580e-01 -8.660581851712123580e-01
1.983454057288688510e+00 1.983454057288688510e+00
5.650442890098990034e-01 5.650442890098990034e-01
3.925758412518193019e+00 3.925758412518193019e+00
nan nan
5.248707243061261352e-01 5.248707243061261352e-01
-7.784630979494966851e+00 -7.784630979494966851e+00
7.744169559435434280e-01 7.744169559435434280e-01
nan nan
-5.848528772138880782e+00 -5.848528772138880782e+00
-2.184854464597361101e+00 -2.184854464597361101e+00
6.987730721996844530e+00 6.987730721996844530e+00
nan nan
-2.317282839936767758e+00 -2.317282839936767758e+00
-5.992113852569767474e+00 -5.992113852569767474e+00
-1.805078607799161405e+00 -1.805078607799161405e+00
4.044610579867233824e+00 4.044610579867233824e+00
1.677684981369151007e+00 1.677684981369151007e+00
-7.100710981062793081e+00 -7.100710981062793081e+00
-1.047182459052041636e+01 -1.047182459052041636e+01
-1.846235109418685738e-01 -1.846235109418685738e-01
9.564613724371065828e+00 9.564613724371065828e+00
-5.522069866812763905e+00 -5.522069866812763905e+00
4.037494242194318517e+00 4.037494242194318517e+00
-5.553362393229046567e-01 -5.553362393229046567e-01
-9.128952792917144343e-02 -9.128952792917144343e-02
-1.098404020796394320e+00 -1.098404020796394320e+00
nan nan
4.495012970501406357e-01 4.495012970501406357e-01
2.355700996886483267e+00 2.355700996886483267e+00
-6.658192062088584606e+00 -6.658192062088584606e+00
-8.462204564305615406e-01 -8.462204564305615406e-01
2.923853681690259165e+00 2.923853681690259165e+00
-2.828066747195734365e-01 -2.828066747195734365e-01
4.730542605327674011e+00 4.730542605327674011e+00
4.846562365350925106e+00 4.846562365350925106e+00
7.094837820108317317e+00 7.094837820108317317e+00
7.839406873036665502e+00 7.839406873036665502e+00
-4.459901176569335490e+00 -4.459901176569335490e+00
-5.294734568663788110e+00 -5.294734568663788110e+00
-5.429417211796796039e+00 -5.429417211796796039e+00
-2.356104894552007778e+00 -2.356104894552007778e+00
-1.435558678720872727e+00 -1.435558678720872727e+00
5.855834097387706549e-01 5.855834097387706549e-01
nan nan
2.131459192543321279e-01 2.131459192543321279e-01
8.657106114482985504e+00 8.657106114482985504e+00
-1.248896620470421226e+01 -1.248896620470421226e+01
9.532826734832095639e+00 9.532826734832095639e+00
-2.850276377831566066e+00 -2.850276377831566066e+00
-1.125441520203235868e+01 -1.125441520203235868e+01
-1.705221841209658695e+00 -1.705221841209658695e+00
-8.004086793383969223e+00 -8.004086793383969223e+00
-8.608381161727862718e+00 -8.608381161727862718e+00
8.756148409993356196e-01 8.756148409993356196e-01
nan nan
-6.176803160526720404e-01 -6.176803160526720404e-01
-3.812367415746399146e+00 -3.812367415746399146e+00
-3.890819624593472525e+00 -3.890819624593472525e+00
3.955327749244044178e+00 3.955327749244044178e+00
nan nan
nan nan
-6.547540446055458929e+00 -6.547540446055458929e+00
-5.756513988133695747e-01 -5.756513988133695747e-01
3.701158422871955178e+00 3.701158422871955178e+00
-7.431965557962324276e+00 -7.431965557962324276e+00
nan nan
-7.673861183175283429e+00 -7.673861183175283429e+00
-1.429566082429003515e+00 -1.429566082429003515e+00
-7.891322454324580349e+00 -7.891322454324580349e+00
8.121965145047134182e-01 8.121965145047134182e-01
-9.548919221727306672e-01 -9.548919221727306672e-01
-9.727363293629469609e-01 -9.727363293629469609e-01
nan nan
nan nan
6.390694256935205431e+00 6.390694256935205431e+00
-5.440486875133748512e+00 -5.440486875133748512e+00
-3.269071561284590643e+00 -3.269071561284590643e+00
nan nan
-2.710061918034011086e+00 -2.710061918034011086e+00
nan nan
-3.095700853560092725e+00 -3.095700853560092725e+00
-6.267474042935081258e+00 -6.267474042935081258e+00
-4.109606314533991167e-01 -4.109606314533991167e-01
6.995393062281366703e+00 6.995393062281366703e+00
-5.328982336492982697e+00 -5.328982336492982697e+00
-1.553276257932777682e+00 -1.553276257932777682e+00
6.647189800284987626e+00 6.647189800284987626e+00
1.961307491129151259e+00 1.961307491129151259e+00
-6.372884456110314844e+00 -6.372884456110314844e+00
-3.495915909821931677e-01 -3.495915909821931677e-01
5.736866288563144067e+00 5.736866288563144067e+00
1.220427146788978234e-01 1.220427146788978234e-01
-6.014787764324953656e+00 -6.014787764324953656e+00
-4.985134159161844103e+00 -4.985134159161844103e+00
nan nan
-1.429306428432504106e-01 -1.429306428432504106e-01
-3.071361048079435108e+00 -3.071361048079435108e+00
-7.245194134609171499e+00 -7.245194134609171499e+00
-2.528924801334081707e+00 -2.528924801334081707e+00
-8.145436723710394844e+00 -8.145436723710394844e+00
-5.355885182367686070e+00 -5.355885182367686070e+00
-1.084889914206760153e+01 -1.084889914206760153e+01
6.652053755614761421e+00 6.652053755614761421e+00
7.808432689985522757e-01 7.808432689985522757e-01
-1.830327114144097322e+00 -1.830327114144097322e+00
5.420536723960305281e+00 5.420536723960305281e+00
5.256784865907121684e+00 5.256784865907121684e+00
6.280759697793634189e+00 6.280759697793634189e+00
6.622142937108382199e+00 6.622142937108382199e+00
5.651796134773578117e+00 5.651796134773578117e+00
7.071827932418566220e+00 7.071827932418566220e+00
-4.404479111942730896e+00 -4.404479111942730896e+00
nan nan
-4.442837821968653955e+00 -4.442837821968653955e+00
nan nan
4.144654771001564875e+00 4.144654771001564875e+00
4.719416130011602206e+00 4.719416130011602206e+00
4.018295628591815216e+00 4.018295628591815216e+00
-8.615341829922185113e-01 -8.615341829922185113e-01
-2.962811974940670723e+00 -2.962811974940670723e+00
-9.232260442768094322e-01 -9.232260442768094322e-01
nan nan
7.108018307183670004e-01 7.108018307183670004e-01
5.271743649492830031e+00 5.271743649492830031e+00
3.905453346352115496e+00 3.905453346352115496e+00
5.987829446394405508e+00 5.987829446394405508e+00
-7.136388178689159645e+00 -7.136388178689159645e+00
nan nan
8.303111556525653469e+00 8.303111556525653469e+00
-1.154238391537715280e+01 -1.154238391537715280e+01
nan nan
1.451481442104242348e+00 1.451481442104242348e+00
-7.062457054606516849e+00 -7.062457054606516849e+00
-3.472847068067625997e+00 -3.472847068067625997e+00
-1.101442090055452994e+01 -1.101442090055452994e+01
nan nan
-4.367701867961681472e+00 -4.367701867961681472e+00
-2.296381951991111503e+00 -2.296381951991111503e+00
-1.026667709577575138e+01 -1.026667709577575138e+01
nan nan
nan nan
-1.135861038892587160e-01 -1.135861038892587160e-01
-4.195597049686735858e+00 -4.195597049686735858e+00
-3.390803248260709779e+00 -3.390803248260709779e+00
-8.980271904301968533e+00 -8.980271904301968533e+00
-1.706346708893698327e+00 -1.706346708893698327e+00
-1.443093301338224776e+00 -1.443093301338224776e+00
-2.828737507136446006e+00 -2.828737507136446006e+00
6.057170460171683146e+00 6.057170460171683146e+00
-3.031464909637048066e+00 -3.031464909637048066e+00
nan nan
nan nan
-3.891293821802985775e-01 -3.891293821802985775e-01
2.528152304168784781e+00 2.528152304168784781e+00
2.281275603519752337e-01 2.281275603519752337e-01
-2.565215672643390565e-01 -2.565215672643390565e-01
5.767303476264491913e+00 5.767303476264491913e+00
3.969975222832073491e+00 3.969975222832073491e+00
-4.503019844896654078e+00 -4.503019844896654078e+00
-1.237586754336312822e-01 -1.237586754336312822e-01
5.770025124407531791e+00 5.770025124407531791e+00
-2.579403612030889192e+00 -2.579403612030889192e+00
-6.221441901310246436e+00 -6.221441901310246436e+00
-4.611331091973418950e+00 -4.611331091973418950e+00
1.663976192924739195e+00 1.663976192924739195e+00
-7.434308880883726545e+00 -7.434308880883726545e+00
1.183000195987204961e-01 1.183000195987204961e-01
nan nan
nan nan
-2.955190944559239696e+00 -2.955190944559239696e+00
1.649378245978772028e+00 1.649378245978772028e+00
-3.784012337624615085e+00 -3.784012337624615085e+00
nan nan
-1.592964571640248295e+00 -1.592964571640248295e+00
-9.071255205983703718e+00 -9.071255205983703718e+00
-1.057367654642505173e+01 -1.057367654642505173e+01
-1.993773715739742158e+00 -1.993773715739742158e+00
-8.262107954837739854e+00 -8.262107954837739854e+00
-5.337147596956967277e+00 -5.337147596956967277e+00
nan nan
-9.639475733381058120e+00 -9.639475733381058120e+00
-5.579713599299863880e+00 -5.579713599299863880e+00
4.726102609413604938e-01 4.726102609413604938e-01
2.922950835179146445e+00 2.922950835179146445e+00
nan nan
nan nan
-1.286898839573208164e+00 -1.286898839573208164e+00
2.631201257902203494e+00 2.631201257902203494e+00
3.719591357823371247e+00 3.719591357823371247e+00
6.155124707989671151e+00 6.155124707989671151e+00
nan nan
-6.124813265096811676e+00 -6.124813265096811676e+00
-5.080939872602191265e+00 -5.080939872602191265e+00
8.264955849113764685e+00 8.264955849113764685e+00
nan nan
-6.528720874320429246e+00 -6.528720874320429246e+00
-6.005439113471659596e+00 -6.005439113471659596e+00
5.913704419444947291e+00 5.913704419444947291e+00
-9.481475652329393711e+00 -9.481475652329393711e+00
-7.197925531078833927e+00 -7.197925531078833927e+00
8.398981161581868804e-01 8.398981161581868804e-01
-5.479311512415447893e+00 -5.479311512415447893e+00
-9.497307632570613833e+00 -9.497307632570613833e+00
-4.170478177298406308e+00 -4.170478177298406308e+00
-1.842669816622623635e+00 -1.842669816622623635e+00
2.359983090848296605e+00 2.359983090848296605e+00
-1.030871521641302024e+00 -1.030871521641302024e+00
nan nan
9.097693015597307920e+00 9.097693015597307920e+00
6.112853258151775826e+00 6.112853258151775826e+00
-2.186513602442075488e+00 -2.186513602442075488e+00
3.310771669911504844e+00 3.310771669911504844e+00
nan nan
-6.322388088397747907e+00 -6.322388088397747907e+00
-5.047966991598649145e+00 -5.047966991598649145e+00
nan nan
-3.841293647713770909e+00 -3.841293647713770909e+00
4.812261649302009836e+00 4.812261649302009836e+00
8.664020281002144941e-01 8.664020281002144941e-01
8.203757207549378094e-01 8.203757207549378094e-01
-1.359771142687786316e+00 -1.359771142687786316e+00
nan nan
nan nan
-5.449230001155097369e+00 -5.449230001155097369e+00
4.559739106284723675e+00 4.559739106284723675e+00
4.220823046071616957e+00 4.220823046071616957e+00
nan nan
4.446033445652910032e+00 4.446033445652910032e+00
1.251722725853046114e+00 1.251722725853046114e+00
-6.963214111196286638e+00 -6.963214111196286638e+00
7.237980928872226549e+00 7.237980928872226549e+00
-2.737853247367727505e-01 -2.737853247367727505e-01
nan nan
-4.345246610668733744e+00 -4.345246610668733744e+00
nan nan
9.395516673014192577e-02 9.395516673014192577e-02
nan nan
-7.513930059530974148e+00 -7.513930059530974148e+00
-3.065645855942443099e+00 -3.065645855942443099e+00
4.407960454047692878e+00 4.407960454047692878e+00
-5.993957648311402764e+00 -5.993957648311402764e+00
-6.905052562302515184e+00 -6.905052562302515184e+00
-1.988915068857625812e+00 -1.988915068857625812e+00
-4.105031337152725612e+00 -4.105031337152725612e+00
-4.757242897604138321e+00 -4.757242897604138321e+00
-1.270679747835505502e+01 -1.270679747835505502e+01
-1.005566811964203033e+01 -1.005566811964203033e+01
3.100771511325709717e+00 3.100771511325709717e+00
-3.860845645144539873e+00 -3.860845645144539873e+00
6.471761226573912396e+00 6.471761226573912396e+00
nan nan
-3.108092675469217525e+00 -3.108092675469217525e+00
-1.256028960579380183e+01 -1.256028960579380183e+01
5.741415617774187297e+00 5.741415617774187297e+00
nan nan
nan nan
nan nan
6.373939250063457962e+00 6.373939250063457962e+00
-2.479844992172743900e-01 -2.479844992172743900e-01
-4.697712253405805782e+00 -4.697712253405805782e+00
-9.644717251904069144e-01 -9.644717251904069144e-01
-7.243422640077296748e+00 -7.243422640077296748e+00
-7.392327160151355159e-01 -7.392327160151355159e-01
2.352885338902058088e+00 2.352885338902058088e+00
-3.530274405624636458e+00 -3.530274405624636458e+00
-1.129335417573054201e+01 -1.129335417573054201e+01
-4.148821605843295401e+00 -4.148821605843295401e+00
1.010980761018991814e+01 1.010980761018991814e+01
-7.083741954110919892e+00 -7.083741954110919892e+00
nan nan
1.546708169880533390e+00 1.546708169880533390e+00
nan nan
nan nan
nan nan
2.873766688052878493e+00 2.873766688052878493e+00
-3.689461479269307453e+00 -3.689461479269307453e+00
-6.876262114407913018e+00 -6.876262114407913018e+00
nan nan
-6.380122516794486387e-01 -6.380122516794486387e-01
-4.868508741455199740e-01 -4.868508741455199740e-01
9.835958113599069463e+00 9.835958113599069463e+00
-1.735384529668105635e+00 -1.735384529668105635e+00
6.170205101379400148e+00 6.170205101379400148e+00
-8.480408018699851169e+00 -8.480408018699851169e+00
nan nan
4.088768400994053920e+00 4.088768400994053920e+00
-8.654731035179867860e+00 -8.654731035179867860e+00
-5.150345013690103002e+00 -5.150345013690103002e+00
4.685754180629190024e+00 4.685754180629190024e+00
1.317511613618163935e+00 1.317511613618163935e+00
-4.760346536738225609e+00 -4.760346536738225609e+00
4.416866547438957902e+00 4.416866547438957902e+00
2.323124361327807197e+00 2.323124361327807197e+00
nan nan
-2.086019527676816310e+00 -2.086019527676816310e+00
nan nan
2.381491724611096927e+00 2.381491724611096927e+00
7.265204179213995417e+00 7.265204179213995417e+00
-9.254427541747862307e+00 -9.254427541747862307e+00
nan nan
-7.254106043245489133e+00 -7.254106043245489133e+00
4.123502259013811511e-01 4.123502259013811511e-01
-6.022246205295402888e+00 -6.022246205295402888e+00
nan nan
-6.863618901356197455e+00 -6.863618901356197455e+00
-2.478781375854435254e-01 -2.478781375854435254e-01
-2.384541559132124178e+00 -2.384541559132124178e+00
5.603948121280614814e+00 5.603948121280614814e+00
-7.235616187700741886e-01 -7.235616187700741886e-01
-5.433657297538154296e+00 -5.433657297538154296e+00
7.422766937378871610e+00 7.422766937378871610e+00
1.288364734404883194e+00 1.288364734404883194e+00
-6.029802594557576612e+00 -6.029802594557576612e+00
nan nan
-7.972350847559340536e+00 -7.972350847559340536e+00
nan nan
-8.883290339283398396e+00 -8.883290339283398396e+00
-3.175114453401366887e+00 -3.175114453401366887e+00
6.696965628380056934e+00 6.696965628380056934e+00
-7.480065777608778887e+00 -7.480065777608778887e+00
-3.574180592591023498e+00 -3.574180592591023498e+00
-5.833166929726756322e+00 -5.833166929726756322e+00
-2.690178163252557653e+00 -2.690178163252557653e+00
1.010748562897549885e+00 1.010748562897549885e+00
-4.535319335801856866e+00 -4.535319335801856866e+00
-7.049753941006487779e+00 -7.049753941006487779e+00
nan nan
1.304047605987790348e-04 1.304047605987790348e-04
1.139230059866845224e+00 1.139230059866845224e+00
-1.122220728367186737e+01 -1.122220728367186737e+01
4.543508354318809950e+00 4.543508354318809950e+00
-1.926489901812828975e+00 -1.926489901812828975e+00
-3.423748800908210654e+00 -3.423748800908210654e+00
nan nan
-8.868994416264310843e-01 -8.868994416264310843e-01
nan nan
nan nan
-7.518618067304156938e+00 -7.518618067304156938e+00
7.164826284497407549e+00 7.164826284497407549e+00
2.951996070050626031e+00 2.951996070050626031e+00
3.729723822939657651e+00 3.729723822939657651e+00
9.173850189866925575e-01 9.173850189866925575e-01
-3.949922410530099626e+00 -3.949922410530099626e+00
1.933476767175378086e+00 1.933476767175378086e+00
nan nan
-4.471293767883160797e+00 -4.471293767883160797e+00
nan nan
7.080061949651117459e-01 7.080061949651117459e-01
-4.155357785513906776e+00 -4.155357785513906776e+00
1.012368704085404758e+01 1.012368704085404758e+01
4.339112389562743033e+00 4.339112389562743033e+00
5.811545166399767481e+00 5.811545166399767481e+00
4.527717800985442409e-02 4.527717800985442409e-02
-6.298614556411834542e+00 -6.298614556411834542e+00
6.279242000709224669e+00 6.279242000709224669e+00
nan nan
3.356390138045373561e+00 3.356390138045373561e+00
nan nan
-5.959144599912841400e+00 -5.959144599912841400e+00
-8.761630112003970794e+00 -8.761630112003970794e+00
-6.636427756798261690e+00 -6.636427756798261690e+00
-9.900133992145974560e+00 -9.900133992145974560e+00
-8.432579190762417909e+00 -8.432579190762417909e+00
nan nan
nan nan
-7.587308494579460216e+00 -7.587308494579460216e+00
-8.314475532590108742e-01 -8.314475532590108742e-01
-2.733050842008430514e+00 -2.733050842008430514e+00
6.803030988426224113e-01 6.803030988426224113e-01
nan nan
3.912221879044786021e-01 3.912221879044786021e-01
-3.912766104498878406e+00 -3.912766104498878406e+00
1.920470687666913534e+00 1.920470687666913534e+00
5.634957792814535793e+00 5.634957792814535793e+00
-2.530396616183150371e-01 -2.530396616183150371e-01
4.070342513550850860e+00 4.070342513550850860e+00
-4.291563934193582952e+00 -4.291563934193582952e+00
nan nan
-2.516856150584229734e+00 -2.516856150584229734e+00
nan nan
1.269775047632986542e+00 1.269775047632986542e+00
8.310512016493042609e+00 8.310512016493042609e+00
7.326667812885929720e+00 7.326667812885929720e+00
-6.364698427168041128e+00 -6.364698427168041128e+00
nan nan
5.099368024358023277e+00 5.099368024358023277e+00
9.751943543658303071e+00 9.751943543658303071e+00
nan nan
-7.794971771271731242e+00 -7.794971771271731242e+00
1.664452157984413816e+00 1.664452157984413816e+00
nan nan
nan nan
5.587938267739621878e+00 5.587938267739621878e+00
-3.095250784418860590e+00 -3.095250784418860590e+00
nan nan
7.853363053834504726e+00 7.853363053834504726e+00
3.414566486026560099e-03 3.414566486026560099e-03
-5.546781807426913957e+00 -5.546781807426913957e+00
-4.979978072476907158e-01 -4.979978072476907158e-01
3.243796391558296577e+00 3.243796391558296577e+00
nan nan
4.478915472236884909e+00 4.478915472236884909e+00
nan nan
1.363141260806891353e+00 1.363141260806891353e+00
4.825776572912825912e+00 4.825776572912825912e+00
-5.008015756734492285e+00 -5.008015756734492285e+00
6.673438026278403434e+00 6.673438026278403434e+00
nan nan
-5.018632268096027360e+00 -5.018632268096027360e+00
-2.250806731109806336e+00 -2.250806731109806336e+00
-8.708079069828329466e-01 -8.708079069828329466e-01
-1.982607127049698548e+00 -1.982607127049698548e+00
-1.807958061510451131e+00 -1.807958061510451131e+00
-2.570181564541691444e-01 -2.570181564541691444e-01
3.639746724180663584e+00 3.639746724180663584e+00
2.581307473265859187e+00 2.581307473265859187e+00
1.780741713779642410e+00 1.780741713779642410e+00
-9.243742697779978812e+00 -9.243742697779978812e+00
-1.978591827922512536e+00 -1.978591827922512536e+00
5.183482094468057966e+00 5.183482094468057966e+00
nan nan
-9.935116997726360921e+00 -9.935116997726360921e+00
2.564264032833889928e+00 2.564264032833889928e+00
-1.969479851971911444e+00 -1.969479851971911444e+00
1.020845220336124015e+00 1.020845220336124015e+00
-8.781253894589646336e+00 -8.781253894589646336e+00
nan nan
-2.752089617708932678e+00 -2.752089617708932678e+00
-9.909159035215640898e+00 -9.909159035215640898e+00
nan nan
-9.971808585002681635e-01 -9.971808585002681635e-01
nan nan
-2.908252730535233255e+00 -2.908252730535233255e+00
-3.469961128999335287e+00 -3.469961128999335287e+00
-9.914486794047308038e-01 -9.914486794047308038e-01
-1.108451804297324550e+01 -1.108451804297324550e+01
7.740668242604293425e+00 7.740668242604293425e+00
-1.324706376230279936e+01 -1.324706376230279936e+01
-7.132075200095290057e+00 -7.132075200095290057e+00
nan nan
-2.305816056393528157e+00 -2.305816056393528157e+00
-3.242520895906899625e+00 -3.242520895906899625e+00
-8.251614779793488452e+00 -8.251614779793488452e+00
2.419273613787401800e+00 2.419273613787401800e+00
nan nan
nan nan
3.852790878095024851e+00 3.852790878095024851e+00
8.948017480900585241e-01 8.948017480900585241e-01
nan nan
-9.119906695378787731e-02 -9.119906695378787731e-02
nan nan
-5.129148714952293631e+00 -5.129148714952293631e+00
-6.354539794279197906e+00 -6.354539794279197906e+00
-5.071393817874984222e+00 -5.071393817874984222e+00
6.137088262718984666e+00 6.137088262718984666e+00
-2.941384831939405142e+00 -2.941384831939405142e+00
nan nan
1.045882050994663359e+00 1.045882050994663359e+00
4.017266679449331690e-01 4.017266679449331690e-01
7.770349562962860723e+00 7.770349562962860723e+00
5.154615014371762172e+00 5.154615014371762172e+00
nan nan
-1.599926286766584660e+00 -1.599926286766584660e+00
3.015534424450301287e+00 3.015534424450301287e+00
3.982446043275462699e+00 3.982446043275462699e+00
3.573687738259433644e+00 3.573687738259433644e+00
-4.769508931761441417e-01 -4.769508931761441417e-01
-1.960610784625554714e+00 -1.960610784625554714e+00
-8.245179541813943302e+00 -8.245179541813943302e+00
1.025475188311727015e+00 1.025475188311727015e+00
8.295175306902731194e-01 8.295175306902731194e-01
5.860442024304216346e+00 5.860442024304216346e+00
-1.746007914962313112e+00 -1.746007914962313112e+00
-4.201947471403787659e+00 -4.201947471403787659e+00
-1.020474030191051895e+01 -1.020474030191051895e+01
-3.214918562523710222e+00 -3.214918562523710222e+00
-9.814997068804569125e+00 -9.814997068804569125e+00
5.690248164356376037e+00 5.690248164356376037e+00
nan nan
1.465390445768424144e+00 1.465390445768424144e+00
-2.342343596281022400e+00 -2.342343596281022400e+00
-4.182803122666896911e+00 -4.182803122666896911e+00
-7.558270817544467945e-01 -7.558270817544467945e-01
nan nan
nan nan
-3.181734637270208665e+00 -3.181734637270208665e+00
3.673358402526057276e+00 3.673358402526057276e+00
-6.342995074512447928e+00 -6.342995074512447928e+00
nan nan
-5.458181189128822552e+00 -5.458181189128822552e+00
3.942766293115127496e+00 3.942766293115127496e+00
9.489889075819522013e-01 9.489889075819522013e-01
-4.325871170212685968e+00 -4.325871170212685968e+00
-1.075514284366503404e+01 -1.075514284366503404e+01
5.638511934407141268e+00 5.638511934407141268e+00
-1.055279828408862031e+00 -1.055279828408862031e+00
6.139326536595812733e-01 6.139326536595812733e-01
-1.869614947411619710e-01 -1.869614947411619710e-01
1.383887616887246708e+00 1.383887616887246708e+00
-3.613867168553596798e+00 -3.613867168553596798e+00
-9.234856843120086367e+00 -9.234856843120086367e+00
-1.574182580508306728e+00 -1.574182580508306728e+00
-7.983196066808151414e+00 -7.983196066808151414e+00
6.071510717961928094e+00 6.071510717961928094e+00
nan nan
4.764284092225690159e-01 4.764284092225690159e-01
-4.659748120983966402e-01 -4.659748120983966402e-01
3.072316042632191824e+00 3.072316042632191824e+00
-9.257586308346098747e+00 -9.257586308346098747e+00
-1.120517809821572186e+01 -1.120517809821572186e+01
-1.628865867560849168e+00 -1.628865867560849168e+00
2.822253415291754663e+00 2.822253415291754663e+00
nan nan
3.031885912739430644e+00 3.031885912739430644e+00
2.288345733057205678e+00 2.288345733057205678e+00
-1.387002568278215797e+01 -1.387002568278215797e+01
nan nan
-7.144944736119036577e-01 -7.144944736119036577e-01
1.341224322258706358e+00 1.341224322258706358e+00
-4.913283797749105730e+00 -4.913283797749105730e+00
3.384863214493937456e+00 3.384863214493937456e+00
nan nan
-8.718438360180567059e+00 -8.718438360180567059e+00
-5.045454439652435674e+00 -5.045454439652435674e+00
5.084847238261428259e+00 5.084847238261428259e+00
nan nan
-3.040976935096896483e+00 -3.040976935096896483e+00
-7.983816583403985589e+00 -7.983816583403985589e+00
nan nan
-4.379863221817561936e+00 -4.379863221817561936e+00
nan nan
5.966331276934475625e-01 5.966331276934475625e-01
-5.818256197868581836e+00 -5.818256197868581836e+00
-1.181932158565460078e+01 -1.181932158565460078e+01
-6.184266110638603209e-01 -6.184266110638603209e-01
nan nan
3.790154819548561704e+00 3.790154819548561704e+00
-6.241128798036648107e+00 -6.241128798036648107e+00
1.105630326583288081e+00 1.105630326583288081e+00
1.423810959002038246e+00 1.423810959002038246e+00
-1.249489441015980695e+00 -1.249489441015980695e+00
nan nan
nan nan
-3.328769274618548213e+00 -3.328769274618548213e+00
nan nan
nan nan
4.263845086365350312e+00 4.263845086365350312e+00
nan nan
6.144063363100723762e+00 6.144063363100723762e+00
nan nan
6.549591383566566449e-01 6.549591383566566449e-01
5.098707220911414595e+00 5.098707220911414595e+00
-8.987881988321587912e+00 -8.987881988321587912e+00
-8.585505716757371175e+00 -8.585505716757371175e+00
1.490170795532055337e-01 1.490170795532055337e-01
nan nan
3.044219292565264467e-01 3.044219292565264467e-01
nan nan
nan nan
nan nan
nan nan
-6.490428885623774846e+00 -6.490428885623774846e+00
-1.151807258379316190e+00 -1.151807258379316190e+00
-3.730565275896680966e+00 -3.730565275896680966e+00
-8.595925088913993761e-01 -8.595925088913993761e-01
7.403822507020336730e+00 7.403822507020336730e+00
-2.631640247536534361e+00 -2.631640247536534361e+00
-2.695515319041001945e-01 -2.695515319041001945e-01
-6.316507247334595121e+00 -6.316507247334595121e+00
1.047314096756842616e+00 1.047314096756842616e+00
-5.629432376695664431e+00 -5.629432376695664431e+00
nan nan
2.161008020926554529e+00 2.161008020926554529e+00
2.507635025293559750e+00 2.507635025293559750e+00
nan nan
-4.506198502334902045e+00 -4.506198502334902045e+00
-1.475055025717750823e-01 -1.475055025717750823e-01
-5.195322558742166308e+00 -5.195322558742166308e+00
-4.555210628984229793e+00 -4.555210628984229793e+00
-3.217347065386512384e+00 -3.217347065386512384e+00
3.091479270238913557e+00 3.091479270238913557e+00
-4.801181697122466119e+00 -4.801181697122466119e+00
2.761998908913343875e+00 2.761998908913343875e+00
nan nan
6.217488026972617376e-01 6.217488026972617376e-01
nan nan
4.312639840151888393e-02 4.312639840151888393e-02
-4.894319039848365804e+00 -4.894319039848365804e+00
4.787390816041636299e+00 4.787390816041636299e+00
nan nan
6.397960242536906428e-01 6.397960242536906428e-01
-6.983716895153968096e+00 -6.983716895153968096e+00
-5.153232142675236105e+00 -5.153232142675236105e+00
-1.175490377704077360e+01 -1.175490377704077360e+01
nan nan
-5.588681061615726975e+00 -5.588681061615726975e+00
2.232528157217378961e+00 2.232528157217378961e+00
6.452895871780198078e+00 6.452895871780198078e+00
4.706562562624569956e+00 4.706562562624569956e+00
nan nan
nan nan
-6.139657590757183314e+00 -6.139657590757183314e+00
nan nan
7.604016579904526729e+00 7.604016579904526729e+00
nan nan
4.076813802110050844e+00 4.076813802110050844e+00
3.776324360422652404e+00 3.776324360422652404e+00
nan nan
nan nan
4.544361803629239915e-01 4.544361803629239915e-01
-3.911064976925946013e+00 -3.911064976925946013e+00
nan nan
nan nan
nan nan
nan nan
nan nan
nan nan
1.586274501992628316e-01 1.586274501992628316e-01
-6.898877737165300950e+00 -6.898877737165300950e+00
nan nan
5.098121702916191822e-02 5.098121702916191822e-02
-3.835709011450116890e-01 -3.835709011450116890e-01
nan nan
2.118593703430544650e-01 2.118593703430544650e-01
nan nan
nan nan
-6.696112658556749864e+00 -6.696112658556749864e+00
5.022103446499682988e+00 5.022103446499682988e+00
-3.314004568823152752e+00 -3.314004568823152752e+00
-7.955220846003129509e+00 -7.955220846003129509e+00
nan nan
nan nan
1.796443421308248745e+00 1.796443421308248745e+00
nan nan
nan nan
-1.132916964784810610e+01 -1.132916964784810610e+01
nan nan
nan nan
nan nan
nan nan
1.833667356007259386e+00 1.833667356007259386e+00
2.850840654995128176e+00 2.850840654995128176e+00
9.948266747237930474e-01 9.948266747237930474e-01
nan nan
nan nan
nan nan
nan nan
-5.580262850714301948e+00 -5.580262850714301948e+00
-5.246513573258262397e-01 -5.246513573258262397e-01
nan nan
nan nan
nan nan
3.246607462742803207e+00 3.246607462742803207e+00
nan nan
nan nan
nan nan
