4.300000000000000000e+01 5.181369688415527719e+01
3.460000000000000000e+02 3.386361731338500931e+02
3.600000000000000000e+02 3.518171281700134045e+02
3.340000000000000000e+02 3.271073208370208931e+02
3.550000000000000000e+02 3.466130876045227183e+02
3.960000000000000000e+02 3.850529902915954494e+02
1.000000000000000000e+02 1.074570760803222669e+02
2.490000000000000000e+02 2.462576449651718065e+02
3.050000000000000000e+02 2.995418893280029238e+02
4.000000000000000000e+02 3.884471942596435383e+02
3.070000000000000000e+02 3.016863746929168428e+02
3.990000000000000000e+02 3.875797318687439201e+02
3.470000000000000000e+02 3.402617722625732313e+02
2.940000000000000000e+02 2.895871709690093780e+02
2.710000000000000000e+02 2.670468359241485814e+02
4.700000000000000000e+01 5.594460047149658521e+01
3.820000000000000000e+02 3.726925012207031500e+02
3.050000000000000000e+02 2.997327780532837096e+02
3.410000000000000000e+02 3.339140161495208758e+02
1.320000000000000000e+02 1.337708420724868859e+02
3.430000000000000000e+02 3.355443587760925084e+02
1.790000000000000000e+02 1.802501071777343782e+02
1.610000000000000000e+02 1.621251864523887605e+02
1.190000000000000000e+02 1.247258430156707760e+02
2.750000000000000000e+02 2.717960755996704165e+02
3.420000000000000000e+02 3.349435818119048918e+02
1.260000000000000000e+02 1.289147932558059608e+02
3.750000000000000000e+02 3.664028313484191699e+02
5.100000000000000000e+01 5.998069875717163058e+01
3.360000000000000000e+02 3.288399954833984111e+02
3.180000000000000000e+02 3.126205379905700852e+02
9.500000000000000000e+01 1.029908660469055235e+02
2.660000000000000000e+02 2.625520129747390570e+02
1.790000000000000000e+02 1.802315210461616459e+02
3.690000000000000000e+02 3.606332665176391856e+02
7.800000000000000000e+01 8.432126339912414892e+01
3.190000000000000000e+02 3.128419928665161365e+02
2.970000000000000000e+02 2.918697869243621881e+02
5.200000000000000000e+01 6.103909403610229845e+01
3.660000000000000000e+02 3.572302251358032095e+02
2.250000000000000000e+02 2.242054976186752242e+02
2.920000000000000000e+02 2.876470998210907055e+02
7.400000000000000000e+01 8.125512285423279479e+01
6.300000000000000000e+01 7.055450516891480106e+01
3.790000000000000000e+02 3.704634988441467272e+02
3.610000000000000000e+02 3.528974905204772767e+02
5.200000000000000000e+01 6.019848379516601256e+01
6.500000000000000000e+01 7.316283752822876352e+01
2.770000000000000000e+02 2.728905946083069125e+02
1.870000000000000000e+02 1.876467501094341230e+02
3.500000000000000000e+01 4.541786375808715803e+01
3.130000000000000000e+02 3.075935004291534369e+02
3.020000000000000000e+02 2.970618780021667362e+02
3.030000000000000000e+02 2.975447075176239196e+02
3.860000000000000000e+02 3.760240685539245646e+02
2.020000000000000000e+02 2.018380618246793858e+02
2.550000000000000000e+02 2.523975895767212023e+02
3.000000000000000000e+02 2.951402668838500745e+02
3.400000000000000000e+02 3.328449871730804261e+02
1.230000000000000000e+02 1.277872750320434534e+02
2.200000000000000000e+01 3.339684455490112214e+01
2.560000000000000000e+02 2.539673953485488767e+02
2.330000000000000000e+02 2.309134243545532286e+02
8.100000000000000000e+01 8.754554782295227255e+01
3.280000000000000000e+02 3.217099661598205671e+02
3.470000000000000000e+02 3.400704388790130679e+02
1.020000000000000000e+02 1.084214846992492625e+02
6.000000000000000000e+01 6.821832845687866609e+01
3.200000000000000000e+01 4.231435233306884669e+01
3.010000000000000000e+02 2.964697344226837004e+02
1.370000000000000000e+02 1.409886401863098229e+02
3.400000000000000000e+01 4.389624279403686558e+01
3.100000000000000000e+02 3.048755034027099668e+02
2.700000000000000000e+01 3.786287100982666232e+01
1.480000000000000000e+02 1.494190855503082389e+02
2.860000000000000000e+02 2.817032622833252162e+02
4.200000000000000000e+01 5.085549736022949219e+01
2.820000000000000000e+02 2.780313698692321509e+02
3.770000000000000000e+02 3.683066240959167317e+02
3.190000000000000000e+02 3.129948977298736850e+02
1.980000000000000000e+02 1.975159173195362143e+02
1.270000000000000000e+02 1.322461883544921761e+02
2.500000000000000000e+01 3.573609620666503872e+01
1.160000000000000000e+02 1.184431240425109877e+02
3.300000000000000000e+01 4.256519448852539256e+01
2.870000000000000000e+02 2.825351039524078374e+02
2.440000000000000000e+02 2.420469179573059080e+02
5.000000000000000000e+01 5.810785663604736584e+01
2.600000000000000000e+02 2.571546448755264009e+02
3.120000000000000000e+02 3.076073901481628354e+02
3.600000000000000000e+02 3.513763007926941100e+02
2.050000000000000000e+02 2.039143025150299025e+02
3.720000000000000000e+02 3.619134313392639228e+02
1.560000000000000000e+02 1.584564902019500607e+02
3.750000000000000000e+02 3.655392227058410413e+02
2.960000000000000000e+02 2.912589395542144644e+02
2.200000000000000000e+01 3.328098574447631819e+01
3.000000000000000000e+02 2.949661141090393244e+02
1.480000000000000000e+02 1.508889418106079177e+02
5.900000000000000000e+01 6.669628578186035384e+01
2.640000000000000000e+02 2.605687846450805409e+02
2.630000000000000000e+02 2.600544577798843306e+02
2.470000000000000000e+02 2.452012769441604689e+02
7.100000000000000000e+01 7.871066378784179562e+01
3.810000000000000000e+02 3.715345518455505385e+02
3.490000000000000000e+02 3.409429028167724596e+02
2.190000000000000000e+02 2.186757558699846129e+02
2.600000000000000000e+01 3.706561786651611357e+01
1.340000000000000000e+02 1.379605379562378005e+02
3.720000000000000000e+02 3.635684182815551821e+02
2.900000000000000000e+02 2.860438337230682464e+02
3.870000000000000000e+02 3.768631533470153840e+02
3.700000000000000000e+01 4.692888079833984705e+01
7.100000000000000000e+01 7.891071931457518929e+01
2.210000000000000000e+02 2.202382274663448243e+02
1.980000000000000000e+02 1.978923379529714452e+02
2.380000000000000000e+02 2.360746731634139906e+02
2.970000000000000000e+02 2.919470799636840752e+02
3.840000000000000000e+02 3.736985579109191917e+02
2.920000000000000000e+02 2.878959136219024799e+02
1.710000000000000000e+02 1.721969474577903725e+02
2.610000000000000000e+02 2.579627196245193659e+02
7.400000000000000000e+01 8.099681319618224506e+01
3.830000000000000000e+02 3.730039978828430094e+02
3.140000000000000000e+02 3.080380456027984337e+02
1.060000000000000000e+02 1.112331971454620430e+02
2.840000000000000000e+02 2.795548239192962683e+02
2.800000000000000000e+02 2.768125359659194942e+02
3.100000000000000000e+01 4.145867793273925628e+01
3.560000000000000000e+02 3.484057059249877852e+02
4.000000000000000000e+02 3.885190210762024208e+02
3.410000000000000000e+02 3.335663154563903845e+02
3.300000000000000000e+01 4.326776322937011798e+01
3.830000000000000000e+02 3.727670950355529840e+02
2.320000000000000000e+02 2.301872102422714192e+02
2.900000000000000000e+01 3.935730450439453421e+01
3.040000000000000000e+02 2.988411711940765372e+02
2.880000000000000000e+02 2.846319018745422227e+02
1.110000000000000000e+02 1.133550793218612682e+02
2.660000000000000000e+02 2.624454725046157932e+02
4.700000000000000000e+01 5.578213177490234642e+01
4.000000000000000000e+02 3.884389938430786060e+02
3.500000000000000000e+01 4.495150857925415266e+01
2.650000000000000000e+02 2.625351026391983282e+02
2.600000000000000000e+02 2.570263514366150162e+02
5.500000000000000000e+01 6.284953139114379894e+01
6.200000000000000000e+01 6.974144089508057220e+01
3.950000000000000000e+02 3.841910075454711659e+02
3.790000000000000000e+02 3.692687388496398739e+02
1.890000000000000000e+02 1.891157905638218040e+02
2.800000000000000000e+01 3.889177942657470766e+01
1.060000000000000000e+02 1.127089889659881550e+02
3.000000000000000000e+02 2.952098020000457836e+02
1.490000000000000000e+02 1.499650666079521102e+02
2.870000000000000000e+02 2.823606247196197501e+02
4.100000000000000000e+01 5.050362815093994584e+01
2.330000000000000000e+02 2.315436871995925969e+02
2.080000000000000000e+02 2.082284969061612969e+02
2.880000000000000000e+02 2.832766284675598172e+02
2.700000000000000000e+01 3.748588911437988713e+01
1.400000000000000000e+02 1.442936571483612056e+02
4.100000000000000000e+01 5.020671072387695233e+01
4.800000000000000000e+01 5.605838136672973349e+01
4.000000000000000000e+02 3.883816030502319450e+02
2.800000000000000000e+01 3.885166406249999937e+01
1.000000000000000000e+02 1.034294940900802544e+02
3.030000000000000000e+02 2.981403526115417435e+02
2.790000000000000000e+02 2.750085727977752867e+02
4.000000000000000000e+02 3.885556960754394709e+02
2.300000000000000000e+01 3.414704618453979634e+01
5.600000000000000000e+01 6.408749934005737714e+01
3.230000000000000000e+02 3.167908047752380298e+02
2.600000000000000000e+02 2.567258492498397686e+02
1.600000000000000000e+02 1.620584257888793900e+02
2.700000000000000000e+02 2.672940391845702948e+02
3.740000000000000000e+02 3.646246178779601905e+02
1.950000000000000000e+02 1.950514930868893941e+02
3.290000000000000000e+02 3.229767650241851698e+02
1.900000000000000000e+02 1.882348775448799074e+02
2.430000000000000000e+02 2.413362256445884668e+02
1.730000000000000000e+02 1.744604834742546018e+02
3.030000000000000000e+02 2.982335052738189916e+02
3.130000000000000000e+02 3.073035325736999539e+02
8.500000000000000000e+01 9.267278946685790686e+01
3.050000000000000000e+02 2.998161581916809268e+02
2.070000000000000000e+02 2.074593412573337616e+02
3.140000000000000000e+02 3.081561311683655049e+02
2.240000000000000000e+02 2.223688312845229973e+02
1.850000000000000000e+02 1.858877592806816210e+02
2.210000000000000000e+02 2.201902252087593013e+02
4.700000000000000000e+01 5.620477535629272836e+01
1.080000000000000000e+02 1.139609412517547611e+02
3.000000000000000000e+02 2.946980089797973505e+02
4.000000000000000000e+02 3.885026895179748294e+02
2.980000000000000000e+02 2.936610639095306396e+02
1.580000000000000000e+02 1.577676738153696192e+02
2.930000000000000000e+02 2.889922745780945093e+02
3.670000000000000000e+02 3.578990694541931248e+02
3.150000000000000000e+02 3.090479185752868716e+02
2.370000000000000000e+02 2.348053695783615069e+02
3.150000000000000000e+02 3.091396814098358163e+02
9.100000000000000000e+01 9.699073162460327069e+01
2.360000000000000000e+02 2.339754427108764787e+02
1.360000000000000000e+02 1.395688050527572557e+02
2.230000000000000000e+02 2.212794808402061335e+02
2.380000000000000000e+02 2.357867783594131481e+02
7.900000000000000000e+01 8.654674984359741075e+01
1.910000000000000000e+02 1.921125424838066067e+02
2.550000000000000000e+02 2.520650886631011929e+02
8.900000000000000000e+01 9.450735820007324151e+01
1.500000000000000000e+02 1.526065777416229139e+02
1.890000000000000000e+02 1.899821256608963154e+02
1.410000000000000000e+02 1.450908076782226601e+02
1.530000000000000000e+02 1.542121618499755868e+02
3.790000000000000000e+02 3.693050891227721877e+02
3.180000000000000000e+02 3.135169071674346810e+02
2.900000000000000000e+02 2.858237776660919280e+02
5.700000000000000000e+01 6.570271156311035554e+01
1.580000000000000000e+02 1.597605414357185225e+02
5.500000000000000000e+01 6.308786996078491427e+01
3.220000000000000000e+02 3.172105038414001683e+02
2.340000000000000000e+02 2.319056993370056148e+02
2.450000000000000000e+02 2.432410584897995136e+02
1.240000000000000000e+02 1.264795743312835725e+02
1.110000000000000000e+02 1.155391444549560589e+02
1.680000000000000000e+02 1.699337080173492325e+02
4.000000000000000000e+01 4.866469176483154513e+01
3.490000000000000000e+02 3.416518526420593389e+02
3.900000000000000000e+02 3.800039537200927953e+02
3.100000000000000000e+01 4.107847562026977783e+01
2.390000000000000000e+02 2.371276866483688366e+02
3.090000000000000000e+02 3.038742499599457005e+02
2.100000000000000000e+01 3.245283166503906358e+01
3.300000000000000000e+02 3.231300923633575621e+02
4.000000000000000000e+02 3.885141839561462120e+02
2.690000000000000000e+02 2.664014148502349713e+02
2.140000000000000000e+02 2.134945063955783837e+02
3.950000000000000000e+02 3.839482189292907606e+02
1.700000000000000000e+02 1.691134932961464017e+02
1.060000000000000000e+02 1.095414618158340403e+02
3.700000000000000000e+02 3.603983071632385418e+02
1.260000000000000000e+02 1.307949550209045526e+02
3.990000000000000000e+02 3.875710396003723304e+02
3.420000000000000000e+02 3.355869690036773818e+02
4.300000000000000000e+01 5.184880194091796568e+01
7.800000000000000000e+01 8.246664653778076115e+01
3.720000000000000000e+02 3.635779063453674098e+02
2.510000000000000000e+02 2.484069284830093522e+02
3.690000000000000000e+02 3.607684002037048572e+02
2.360000000000000000e+02 2.345039984173774599e+02
4.500000000000000000e+01 5.369824852752685729e+01
3.190000000000000000e+02 3.131113328208923576e+02
2.700000000000000000e+01 3.778548921203613276e+01
3.830000000000000000e+02 3.736134421043395832e+02
3.910000000000000000e+02 3.808039692001343042e+02
3.110000000000000000e+02 3.067310913105010854e+02
2.900000000000000000e+01 3.942007968902588289e+01
1.640000000000000000e+02 1.663386670150756856e+02
4.800000000000000000e+01 5.585691696166992415e+01
1.350000000000000000e+02 1.375453934984207081e+02
2.180000000000000000e+02 2.176166962555646762e+02
1.790000000000000000e+02 1.808629543123245185e+02
3.630000000000000000e+02 3.542125583038330205e+02
5.700000000000000000e+01 6.532676099777221168e+01
2.910000000000000000e+02 2.872183051624298287e+02
7.200000000000000000e+01 8.165222281646728675e+01
8.800000000000000000e+01 9.617569581604004725e+01
4.000000000000000000e+01 4.925096006774901980e+01
1.800000000000000000e+02 1.807248028995990694e+02
2.550000000000000000e+02 2.519320936231613075e+02
3.900000000000000000e+02 3.796019211540221932e+02
3.270000000000000000e+02 3.204999571285247839e+02
2.600000000000000000e+01 3.698847853088378912e+01
2.870000000000000000e+02 2.824968204765319797e+02
3.400000000000000000e+01 4.361170912170410219e+01
1.540000000000000000e+02 1.562763003358840876e+02
6.400000000000000000e+01 7.159821590042113826e+01
2.700000000000000000e+01 3.762480174636840502e+01
1.280000000000000000e+02 1.330559555759429884e+02
3.270000000000000000e+02 3.204108618106841959e+02
2.070000000000000000e+02 2.066477432372570036e+02
3.060000000000000000e+02 3.009949350662231495e+02
7.900000000000000000e+01 8.554573356628418423e+01
3.000000000000000000e+01 4.056122903442383176e+01
3.420000000000000000e+02 3.354528164234161522e+02
3.460000000000000000e+02 3.387726117858886710e+02
3.400000000000000000e+01 4.425468932342529627e+01
2.600000000000000000e+01 3.699783497238158958e+01
2.030000000000000000e+02 2.027398625669479486e+02
3.410000000000000000e+02 3.341248755302429458e+02
8.300000000000000000e+01 8.877348379898072039e+01
8.700000000000000000e+01 9.577175872421264557e+01
1.210000000000000000e+02 1.239494242124557530e+02
8.100000000000000000e+01 8.606487515258788790e+01
1.470000000000000000e+02 1.501538615932464609e+02
4.100000000000000000e+01 4.982819352340698060e+01
7.700000000000000000e+01 8.448976604080199593e+01
1.760000000000000000e+02 1.772221296424865784e+02
1.830000000000000000e+02 1.835650928053856035e+02
2.400000000000000000e+02 2.384854713859558046e+02
3.670000000000000000e+02 3.582905272064209043e+02
2.300000000000000000e+02 2.287362117867469919e+02
3.610000000000000000e+02 3.532034292716979849e+02
6.300000000000000000e+01 7.125441808319091308e+01
3.750000000000000000e+02 3.656498140258789249e+02
8.000000000000000000e+01 8.923601573944091570e+01
3.540000000000000000e+02 3.467397811107635448e+02
2.890000000000000000e+02 2.844552490406036327e+02
1.740000000000000000e+02 1.754669627342224203e+02
2.120000000000000000e+02 2.094280523490905637e+02
3.200000000000000000e+02 3.138011514148712422e+02
1.610000000000000000e+02 1.633885832624435466e+02
3.310000000000000000e+02 3.243169345684051450e+02
2.730000000000000000e+02 2.690107519264221310e+02
2.850000000000000000e+02 2.812065011520385838e+02
5.800000000000000000e+01 6.598255305862426212e+01
1.640000000000000000e+02 1.665828920030593849e+02
3.980000000000000000e+02 3.867661488990783596e+02
3.900000000000000000e+02 3.791986416397094786e+02
3.400000000000000000e+01 4.437730849838256830e+01
3.100000000000000000e+02 3.042022379455566465e+02
6.500000000000000000e+01 7.291270317459105854e+01
1.230000000000000000e+02 1.247482771801948616e+02
3.380000000000000000e+02 3.307327371520996167e+02
1.080000000000000000e+02 1.146859477005004919e+02
3.740000000000000000e+02 3.646624480361938367e+02
7.300000000000000000e+01 7.887498625183106071e+01
3.780000000000000000e+02 3.686900584144592017e+02
3.080000000000000000e+02 3.029504012622833216e+02
2.200000000000000000e+02 2.183816225705146792e+02
1.850000000000000000e+02 1.865686559095382790e+02
2.880000000000000000e+02 2.834782089080810579e+02
2.910000000000000000e+02 2.867266490573883289e+02
2.070000000000000000e+02 2.065807621730565984e+02
8.600000000000000000e+01 9.092902317237853538e+01
1.540000000000000000e+02 1.565010740137100242e+02
8.600000000000000000e+01 8.976034041595458746e+01
2.880000000000000000e+02 2.834817860908508464e+02
4.400000000000000000e+01 5.246744187164306794e+01
3.700000000000000000e+01 4.685831998062133863e+01
1.650000000000000000e+02 1.665722105779647961e+02
6.200000000000000000e+01 6.850624860382080783e+01
3.930000000000000000e+02 3.822648277473449525e+02
3.760000000000000000e+02 3.668634569587707688e+02
3.050000000000000000e+02 3.005342445106506375e+02
1.930000000000000000e+02 1.940602467517852858e+02
3.380000000000000000e+02 3.309761700248718057e+02
1.330000000000000000e+02 1.375952913303375169e+02
2.750000000000000000e+02 2.721108126964568896e+02
1.060000000000000000e+02 1.125421611461639344e+02
2.550000000000000000e+02 2.529796561403274495e+02
3.080000000000000000e+02 3.023705538768768406e+02
2.920000000000000000e+02 2.870715344905853499e+02
2.430000000000000000e+02 2.409826901645660371e+02
6.600000000000000000e+01 7.337634830474853231e+01
1.330000000000000000e+02 1.350927898206710722e+02
1.810000000000000000e+02 1.829241446170806853e+02
3.370000000000000000e+02 3.302770439147949446e+02
4.600000000000000000e+01 5.643444730377197516e+01
3.550000000000000000e+02 3.473906299743652539e+02
2.070000000000000000e+02 2.074777959289550893e+02
2.350000000000000000e+02 2.337387806949615481e+02
3.490000000000000000e+02 3.413219291877746855e+02
7.100000000000000000e+01 7.882430060577392794e+01
3.770000000000000000e+02 3.679834939117431531e+02
3.670000000000000000e+02 3.577171423034668010e+02
2.840000000000000000e+02 2.796687499599456714e+02
2.620000000000000000e+02 2.596941281566619750e+02
1.410000000000000000e+02 1.440861384487152179e+02
3.600000000000000000e+01 4.571927053070068325e+01
1.260000000000000000e+02 1.292102788572311454e+02
4.200000000000000000e+01 5.167287712860107263e+01
7.500000000000000000e+01 8.234642760848998932e+01
3.260000000000000000e+02 3.197196538219452009e+02
1.160000000000000000e+02 1.218921976013183581e+02
4.500000000000000000e+01 5.406387713241576876e+01
3.890000000000000000e+02 3.784339537620544434e+02
1.260000000000000000e+02 1.310762418651580674e+02
3.060000000000000000e+02 3.006323697109222621e+02
3.800000000000000000e+01 4.792452600479126090e+01
3.990000000000000000e+02 3.876408306007385249e+02
1.180000000000000000e+02 1.234154304046630841e+02
3.900000000000000000e+02 3.792820919189452979e+02
2.740000000000000000e+02 2.700844500312805394e+02
5.900000000000000000e+01 6.556686977195739985e+01
8.900000000000000000e+01 9.525530763053893679e+01
1.990000000000000000e+02 1.988993732793331048e+02
2.590000000000000000e+02 2.559069673995971641e+02
2.420000000000000000e+02 2.394490629940032989e+02
9.200000000000000000e+01 9.876782197570800292e+01
1.900000000000000000e+02 1.904252883402109262e+02
1.580000000000000000e+02 1.598844323463439991e+02
4.600000000000000000e+01 5.470784916305542112e+01
8.100000000000000000e+01 8.779993695449829261e+01
2.910000000000000000e+02 2.865306084442138399e+02
6.100000000000000000e+01 6.871843816375732672e+01
3.670000000000000000e+02 3.566663294944763152e+02
3.650000000000000000e+02 3.555019519424438386e+02
2.480000000000000000e+02 2.458185240163803087e+02
6.900000000000000000e+01 7.579398710632324310e+01
2.470000000000000000e+02 2.442217501745224126e+02
2.500000000000000000e+01 3.578244977569580243e+01
6.800000000000000000e+01 7.594417129898070584e+01
3.760000000000000000e+02 3.662577960128784298e+02
5.400000000000000000e+01 6.445098322296142612e+01
1.420000000000000000e+02 1.456136440992355290e+02
3.300000000000000000e+01 4.259845943069458230e+01
2.610000000000000000e+02 2.577332410984039370e+02
6.400000000000000000e+01 7.143080790328978935e+01
3.860000000000000000e+02 3.764005637931823571e+02
2.940000000000000000e+02 2.893279966735839821e+02
3.270000000000000000e+02 3.206178110561371000e+02
9.800000000000000000e+01 1.024222924156188981e+02
2.900000000000000000e+02 2.861656220321655155e+02
6.900000000000000000e+01 7.445726378631592013e+01
3.320000000000000000e+02 3.254415614166259729e+02
3.490000000000000000e+02 3.415770400772094604e+02
3.560000000000000000e+02 3.483153013114929308e+02
1.460000000000000000e+02 1.496724171428680279e+02
3.900000000000000000e+02 3.797397851371765114e+02
5.900000000000000000e+01 6.625754314613342899e+01
3.770000000000000000e+02 3.672769306068420292e+02
2.850000000000000000e+02 2.814423473405838081e+02
3.230000000000000000e+02 3.166841257553100490e+02
2.830000000000000000e+02 2.792769039363861339e+02
1.840000000000000000e+02 1.849228460445403925e+02
3.400000000000000000e+01 4.373964168167114508e+01
2.040000000000000000e+02 2.039465251198411124e+02
3.210000000000000000e+02 3.148350004310607915e+02
8.700000000000000000e+01 9.129855271911621628e+01
1.480000000000000000e+02 1.518090056018829443e+02
3.600000000000000000e+02 3.516388803825378204e+02
3.480000000000000000e+02 3.404455433235168584e+02
3.470000000000000000e+02 3.389441714134216568e+02
2.580000000000000000e+02 2.560956907358169587e+02
2.200000000000000000e+02 2.188553349604606524e+02
3.100000000000000000e+02 3.052324830360412875e+02
3.540000000000000000e+02 3.454662533874511610e+02
3.030000000000000000e+02 2.982899119300842017e+02
2.490000000000000000e+02 2.471582284374237020e+02
3.130000000000000000e+02 3.073082553901672327e+02
1.060000000000000000e+02 1.113228462295532211e+02
2.560000000000000000e+02 2.534963617324829102e+02
2.380000000000000000e+02 2.359208032140731746e+02
2.300000000000000000e+02 2.285696674528121832e+02
1.840000000000000000e+02 1.854160751228332629e+02
2.530000000000000000e+02 2.503065720968246524e+02
1.670000000000000000e+02 1.687541868705749550e+02
3.910000000000000000e+02 3.807596168098449425e+02
1.990000000000000000e+02 1.999157324862480039e+02
2.860000000000000000e+02 2.825577082376480007e+02
2.560000000000000000e+02 2.534945919752121029e+02
3.790000000000000000e+02 3.688909880027770782e+02
3.500000000000000000e+02 3.420922776908874425e+02
3.530000000000000000e+02 3.451294973640441981e+02
2.580000000000000000e+02 2.549568652458191025e+02
6.600000000000000000e+01 7.407096168899536792e+01
4.700000000000000000e+01 5.658139442443847855e+01
4.500000000000000000e+01 5.476336833572387519e+01
3.520000000000000000e+02 3.440008235626220880e+02
3.050000000000000000e+02 2.998754813213348598e+02
2.170000000000000000e+02 2.163580438220500923e+02
3.890000000000000000e+02 3.777473450927734575e+02
3.440000000000000000e+02 3.368721745414733846e+02
3.220000000000000000e+02 3.158115361557007077e+02
1.310000000000000000e+02 1.324346911292076072e+02
1.130000000000000000e+02 1.183351814918518130e+02
3.340000000000000000e+02 3.276247931003570670e+02
3.820000000000000000e+02 3.721411258201599139e+02
1.510000000000000000e+02 1.538857625255584765e+02
3.580000000000000000e+02 3.485710493278503463e+02
5.100000000000000000e+01 6.056587598037719999e+01
3.300000000000000000e+01 4.309864067840575785e+01
1.700000000000000000e+02 1.723619176206588861e+02
1.780000000000000000e+02 1.795663114953041202e+02
3.280000000000000000e+02 3.211147198295593057e+02
1.660000000000000000e+02 1.675344858474731495e+02
3.230000000000000000e+02 3.173292742614746089e+02
1.600000000000000000e+02 1.600511162016540823e+02
2.150000000000000000e+02 2.141964596793651481e+02
2.760000000000000000e+02 2.731182255439758251e+02
1.080000000000000000e+02 1.100094874000549368e+02
3.340000000000000000e+02 3.273703966083526780e+02
1.920000000000000000e+02 1.923065744296312403e+02
1.010000000000000000e+02 1.076857316493988037e+02
2.690000000000000000e+02 2.653425068359375132e+02
2.750000000000000000e+02 2.710292336044311696e+02
2.200000000000000000e+01 3.339126013183593500e+01
2.440000000000000000e+02 2.415633083486557098e+02
1.300000000000000000e+02 1.349949044704437142e+02
3.270000000000000000e+02 3.199940806179046717e+02
1.420000000000000000e+02 1.453910209741592325e+02
1.520000000000000000e+02 1.545132057809829575e+02
1.570000000000000000e+02 1.596124736852645754e+02
1.700000000000000000e+02 1.716662970442772007e+02
1.350000000000000000e+02 1.394015619010925207e+02
2.900000000000000000e+02 2.854372696056365726e+02
2.100000000000000000e+01 3.244578554153441985e+01
6.300000000000000000e+01 7.310220054244994969e+01
1.260000000000000000e+02 1.280348716726303167e+02
3.800000000000000000e+01 4.750039474487304858e+01
3.730000000000000000e+02 3.636542796592712534e+02
1.150000000000000000e+02 1.210026382484436027e+02
2.080000000000000000e+02 2.074580564315319009e+02
3.810000000000000000e+02 3.720348300781250259e+02
3.940000000000000000e+02 3.829510375518798924e+02
1.650000000000000000e+02 1.670904210519790638e+02
5.400000000000000000e+01 6.293720364379882426e+01
1.170000000000000000e+02 1.224775314579009944e+02
2.550000000000000000e+02 2.534675488862991415e+02
2.700000000000000000e+02 2.664887078371048119e+02
1.980000000000000000e+02 1.958352816152572586e+02
3.650000000000000000e+02 3.562133800773620464e+02
3.870000000000000000e+02 3.771289187164306895e+02
1.910000000000000000e+02 1.913473218189477905e+02
3.100000000000000000e+01 4.135216863632201978e+01
2.540000000000000000e+02 2.510566773910522329e+02
1.980000000000000000e+02 1.966555730943679805e+02
1.140000000000000000e+02 1.201462052879333555e+02
2.920000000000000000e+02 2.880209630470275783e+02
3.200000000000000000e+02 3.138352974472045958e+02
2.260000000000000000e+02 2.249415325307845990e+02
3.580000000000000000e+02 3.498689310760498188e+02
2.170000000000000000e+02 2.158954901576042289e+02
5.700000000000000000e+01 6.532127355957031511e+01
1.820000000000000000e+02 1.829279533367156887e+02
3.360000000000000000e+02 3.288985089626312401e+02
3.900000000000000000e+02 3.793041040191650382e+02
1.480000000000000000e+02 1.485178550612926358e+02
3.770000000000000000e+02 3.685847126045226787e+02
2.340000000000000000e+02 2.327957755384445306e+02
1.530000000000000000e+02 1.562961782207489136e+02
1.890000000000000000e+02 1.891663087857365610e+02
1.000000000000000000e+02 1.030604868183135920e+02
2.110000000000000000e+02 2.108382786470055521e+02
9.400000000000000000e+01 1.019346382064819352e+02
1.470000000000000000e+02 1.509968371391296387e+02
2.760000000000000000e+02 2.720974169940948286e+02
1.320000000000000000e+02 1.358720639476776171e+02
7.300000000000000000e+01 8.215271873092650878e+01
1.370000000000000000e+02 1.416717898731231742e+02
3.540000000000000000e+02 3.464482182006835842e+02
2.290000000000000000e+02 2.280208131103515541e+02
3.630000000000000000e+02 3.539489300651550252e+02
4.000000000000000000e+02 3.884908712196349825e+02
1.530000000000000000e+02 1.550334913702011193e+02
9.700000000000000000e+01 1.035926651477813749e+02
5.400000000000000000e+01 6.272775097656250409e+01
2.970000000000000000e+02 2.922179296779632409e+02
2.470000000000000000e+02 2.443588744316101042e+02
3.660000000000000000e+02 3.575072762527465784e+02
1.770000000000000000e+02 1.757235038471222026e+02
2.810000000000000000e+02 2.766108751087188580e+02
2.470000000000000000e+02 2.450752470626831041e+02
2.000000000000000000e+02 1.995877879741191805e+02
5.000000000000000000e+01 5.828522982788086182e+01
3.500000000000000000e+01 4.483848311233520434e+01
3.610000000000000000e+02 3.519980390434265018e+02
1.430000000000000000e+02 1.472135199413299631e+02
3.900000000000000000e+02 3.794253264389038236e+02
2.710000000000000000e+02 2.673478349418639937e+02
1.710000000000000000e+02 1.729239030208587735e+02
1.870000000000000000e+02 1.872801520618200186e+02
3.550000000000000000e+02 3.474312371902465770e+02
1.970000000000000000e+02 1.971830518531203325e+02
3.750000000000000000e+02 3.661711197891235088e+02
3.970000000000000000e+02 3.859030179214477698e+02
3.400000000000000000e+02 3.328842742691040257e+02
3.580000000000000000e+02 3.495854451866150043e+02
3.500000000000000000e+02 3.421740965461730752e+02
1.720000000000000000e+02 1.731090224528312547e+02
2.130000000000000000e+02 2.110124173240661491e+02
2.130000000000000000e+02 2.131025418266952158e+02
9.500000000000000000e+01 1.030063446578979551e+02
7.700000000000000000e+01 8.641491038131714220e+01
6.400000000000000000e+01 6.997384759902953988e+01
8.100000000000000000e+01 8.563727884864806583e+01
3.900000000000000000e+02 3.793291477622985894e+02
4.200000000000000000e+01 5.148218410491943331e+01
2.740000000000000000e+02 2.713297573242187468e+02
7.900000000000000000e+01 8.487829802513122956e+01
3.520000000000000000e+02 3.446359150848388708e+02
3.730000000000000000e+02 3.634783274688720667e+02
3.910000000000000000e+02 3.808397799949646014e+02
3.810000000000000000e+02 3.711666795997619488e+02
3.730000000000000000e+02 3.643941330184936760e+02
3.990000000000000000e+02 3.875647381820678561e+02
1.950000000000000000e+02 1.958273395509719990e+02
3.330000000000000000e+02 3.262145731067657266e+02
3.410000000000000000e+02 3.344912765502929801e+02
2.510000000000000000e+02 2.488101675148010372e+02
3.490000000000000000e+02 3.417702477798462155e+02
7.500000000000000000e+01 8.275949393463135095e+01
2.790000000000000000e+02 2.754750217142105271e+02
4.900000000000000000e+01 5.753566639328003163e+01
2.820000000000000000e+02 2.780025575714111596e+02
2.480000000000000000e+02 2.457214750738143891e+02
9.500000000000000000e+01 1.025740580101013251e+02
3.900000000000000000e+01 4.898628631210327455e+01
3.530000000000000000e+02 3.452865046005248928e+02
7.900000000000000000e+01 8.593010882568358966e+01
1.920000000000000000e+02 1.931941036148071191e+02
1.990000000000000000e+02 1.989797031487300956e+02
8.600000000000000000e+01 9.279733135223388274e+01
1.810000000000000000e+02 1.820998214468955894e+02
3.260000000000000000e+02 3.193908915882110477e+02
4.700000000000000000e+01 5.561747485733032192e+01
5.400000000000000000e+01 6.306363640213012900e+01
3.710000000000000000e+02 3.615904333114623910e+02
3.260000000000000000e+02 3.197137948970794810e+02
1.310000000000000000e+02 1.335049670467376757e+02
2.400000000000000000e+01 3.486461673736572209e+01
2.540000000000000000e+02 2.511745672550201505e+02
2.260000000000000000e+02 2.243526722640991125e+02
1.040000000000000000e+02 1.102537818508148177e+02
3.300000000000000000e+02 3.250048773136139175e+02
4.000000000000000000e+02 3.883836128883361880e+02
1.310000000000000000e+02 1.354734744453430153e+02
6.000000000000000000e+01 6.859659886550903707e+01
2.690000000000000000e+02 2.655887265081405531e+02
5.400000000000000000e+01 6.350382818222045955e+01
3.300000000000000000e+01 4.265690579986572573e+01
1.260000000000000000e+02 1.308569491310119588e+02
1.150000000000000000e+02 1.169643662748336794e+02
3.670000000000000000e+02 3.580273613777160904e+02
2.180000000000000000e+02 2.172569655697345752e+02
1.060000000000000000e+02 1.117428062744140647e+02
3.900000000000000000e+02 3.793418787574768203e+02
1.680000000000000000e+02 1.704506161231994668e+02
4.000000000000000000e+02 3.884331201972961480e+02
1.490000000000000000e+02 1.513897159070968712e+02
1.990000000000000000e+02 1.987676262429952487e+02
6.200000000000000000e+01 6.964290513992310139e+01
1.220000000000000000e+02 1.260065642013549763e+02
2.310000000000000000e+02 2.291726609973907500e+02
3.330000000000000000e+02 3.275370470123290829e+02
3.620000000000000000e+02 3.536445254211425890e+02
3.990000000000000000e+02 3.873663002243042115e+02
1.240000000000000000e+02 1.291845540409088073e+02
1.170000000000000000e+02 1.223256440696716254e+02
2.650000000000000000e+02 2.613574256191253653e+02
2.390000000000000000e+02 2.374771311206817757e+02
7.800000000000000000e+01 8.498693199729919456e+01
2.240000000000000000e+02 2.229507847352028023e+02
3.370000000000000000e+02 3.304558675498962543e+02
3.200000000000000000e+01 4.189300679016113094e+01
3.970000000000000000e+02 3.857139009017944318e+02
6.900000000000000000e+01 7.611312229347228708e+01
2.990000000000000000e+02 2.944430367412567193e+02
1.790000000000000000e+02 1.804703973622322053e+02
2.020000000000000000e+02 2.017944692799449058e+02
2.340000000000000000e+02 2.327371871557235750e+02
2.680000000000000000e+02 2.655113290081023933e+02
1.010000000000000000e+02 1.072130157356262146e+02
1.330000000000000000e+02 1.370748566989898620e+02
1.120000000000000000e+02 1.174819962253570509e+02
2.120000000000000000e+02 2.113640287406444429e+02
1.050000000000000000e+02 1.075554662857055632e+02
2.270000000000000000e+02 2.249139608020782362e+02
2.610000000000000000e+02 2.577678917551040740e+02
2.530000000000000000e+02 2.516622676477432208e+02
4.900000000000000000e+01 5.747247382736205878e+01
1.400000000000000000e+02 1.440903162593841671e+02
4.100000000000000000e+01 5.053162820053100290e+01
9.400000000000000000e+01 9.958571893882751169e+01
2.760000000000000000e+02 2.718643783874511541e+02
3.800000000000000000e+01 4.699344793701172307e+01
1.940000000000000000e+02 1.942872654577493563e+02
4.000000000000000000e+01 5.008830746078491103e+01
1.110000000000000000e+02 1.171227470741272043e+02
3.910000000000000000e+02 3.803843996925353963e+02
2.610000000000000000e+02 2.576029860973358154e+02
3.200000000000000000e+01 4.174419044494629105e+01
3.360000000000000000e+02 3.295790742626190308e+02
2.100000000000000000e+01 3.233777384567260782e+01
6.400000000000000000e+01 7.160203208160400834e+01
3.060000000000000000e+02 3.014832646770477140e+02
6.200000000000000000e+01 7.156507931900024744e+01
1.170000000000000000e+02 1.210782970638275202e+02
3.230000000000000000e+02 3.180611090507507583e+02
2.540000000000000000e+02 2.514561591253280710e+02
3.600000000000000000e+01 4.603069758605957418e+01
3.000000000000000000e+01 4.004023241043091019e+01
3.430000000000000000e+02 3.353439793891906788e+02
2.040000000000000000e+02 2.038095005266070245e+02
2.670000000000000000e+02 2.643281081485748132e+02
3.420000000000000000e+02 3.348778672065735122e+02
1.390000000000000000e+02 1.424812130002975437e+02
3.910000000000000000e+02 3.805753135299682413e+02
5.800000000000000000e+01 6.506515072250365961e+01
1.480000000000000000e+02 1.500411295776367240e+02
2.060000000000000000e+02 2.055461620653867669e+02
2.300000000000000000e+02 2.280830519628524655e+02
1.060000000000000000e+02 1.121189179039001402e+02
3.700000000000000000e+01 4.718845818710327222e+01
2.100000000000000000e+01 3.234167575454711852e+01
3.540000000000000000e+02 3.451841962928771750e+02
5.400000000000000000e+01 6.203324150466919207e+01
3.320000000000000000e+02 3.252186516666412217e+02
1.520000000000000000e+02 1.548470763893127469e+02
3.300000000000000000e+01 4.328727796936035332e+01
2.500000000000000000e+01 3.606634611892700093e+01
3.180000000000000000e+02 3.137586276512146242e+02
3.830000000000000000e+02 3.735473096847534293e+02
2.030000000000000000e+02 2.032953161755800124e+02
2.970000000000000000e+02 2.924827758560180655e+02
3.540000000000000000e+02 3.466854206619262868e+02
1.490000000000000000e+02 1.519328196678161760e+02
1.010000000000000000e+02 1.066314295501708926e+02
1.700000000000000000e+02 1.722643534460067656e+02
3.660000000000000000e+02 3.566046805610656634e+02
1.640000000000000000e+02 1.664905883913040157e+02
2.650000000000000000e+02 2.628188561029434140e+02
3.960000000000000000e+02 3.848366430397033469e+02
3.440000000000000000e+02 3.363078334770202673e+02
4.100000000000000000e+01 5.058247944259643702e+01
3.130000000000000000e+02 3.070941491813659923e+02
3.780000000000000000e+02 3.680886457519531518e+02
9.300000000000000000e+01 9.706182955360412734e+01
1.610000000000000000e+02 1.631765442600250253e+02
3.300000000000000000e+02 3.243435145835876483e+02
2.290000000000000000e+02 2.274331956787109448e+02
2.060000000000000000e+02 2.055196870648860852e+02
3.080000000000000000e+02 3.022361259288787778e+02
1.710000000000000000e+02 1.724957131175994789e+02
2.100000000000000000e+02 2.095179898297786849e+02
2.280000000000000000e+02 2.265110366392135575e+02
7.300000000000000000e+01 8.038750935745238735e+01
3.520000000000000000e+02 3.435225652236938458e+02
1.380000000000000000e+02 1.394832991633415133e+02
3.780000000000000000e+02 3.690614818649291919e+02
2.830000000000000000e+02 2.800266168460846075e+02
5.300000000000000000e+01 6.049497897720336681e+01
2.380000000000000000e+02 2.363806124558448687e+02
2.500000000000000000e+01 3.610679746627807418e+01
3.200000000000000000e+02 3.136794709148406923e+02
3.310000000000000000e+02 3.238172248229980710e+02
3.850000000000000000e+02 3.748272741432189719e+02
3.740000000000000000e+02 3.661000884361267254e+02
3.750000000000000000e+02 3.639878277206420876e+02
3.190000000000000000e+02 3.125216354103088179e+02
1.880000000000000000e+02 1.891494924178123540e+02
2.960000000000000000e+02 2.913548463268280102e+02
1.930000000000000000e+02 1.934817333412170512e+02
1.810000000000000000e+02 1.820081868791580177e+02
3.470000000000000000e+02 3.400717377834320132e+02
3.170000000000000000e+02 3.110473332023620401e+02
6.700000000000000000e+01 7.436324235916137582e+01
9.500000000000000000e+01 9.993287485694885675e+01
3.640000000000000000e+02 3.552032668075561332e+02
9.800000000000000000e+01 1.041510017089843814e+02
3.150000000000000000e+02 3.086541717205047348e+02
2.660000000000000000e+02 2.624331762094497549e+02
1.300000000000000000e+02 1.345385183830261155e+02
2.810000000000000000e+02 2.776368944301605097e+02
1.650000000000000000e+02 1.650253334258794666e+02
3.170000000000000000e+02 3.110202371902465757e+02
2.730000000000000000e+02 2.690485050163268852e+02
1.370000000000000000e+02 1.382442909002303963e+02
1.100000000000000000e+02 1.156154967555999775e+02
3.400000000000000000e+02 3.324014784240722520e+02
3.260000000000000000e+02 3.196564448032378891e+02
3.900000000000000000e+01 4.882163718795776219e+01
5.400000000000000000e+01 6.251665649414062642e+01
8.400000000000000000e+01 9.018972854423523700e+01
2.180000000000000000e+02 2.171709102835655187e+02
7.100000000000000000e+01 7.944877141952514421e+01
8.300000000000000000e+01 8.816505012512206463e+01
4.200000000000000000e+01 5.109246948242187614e+01
2.760000000000000000e+02 2.723614868602752495e+02
2.190000000000000000e+02 2.179595327482223581e+02
1.440000000000000000e+02 1.466695494937896740e+02
1.960000000000000000e+02 1.968298462200164920e+02
3.180000000000000000e+02 3.124817474555969170e+02
5.000000000000000000e+01 5.901485128402710245e+01
2.250000000000000000e+02 2.235224896206855760e+02
3.700000000000000000e+01 4.625306775665283254e+01
3.760000000000000000e+02 3.663045435829162670e+02
7.100000000000000000e+01 7.804776488685607205e+01
3.700000000000000000e+02 3.616486135063171332e+02
2.330000000000000000e+02 2.313653500041961593e+02
3.400000000000000000e+02 3.333308796062469241e+02
1.050000000000000000e+02 1.093782236194610533e+02
2.530000000000000000e+02 2.500281088542938335e+02
1.860000000000000000e+02 1.868265706536769812e+02
3.460000000000000000e+02 3.391157199859619027e+02
3.210000000000000000e+02 3.142739035968780286e+02
1.750000000000000000e+02 1.765980914649963438e+02
6.700000000000000000e+01 7.455641975402832600e+01
3.400000000000000000e+02 3.331740589790344416e+02
4.500000000000000000e+01 5.398572032165527190e+01
1.760000000000000000e+02 1.775635935378074635e+02
1.710000000000000000e+02 1.730099238319396875e+02
1.580000000000000000e+02 1.604267095708846966e+02
1.890000000000000000e+02 1.894129160591363927e+02
2.400000000000000000e+01 3.498708004379272296e+01
1.350000000000000000e+02 1.397114501876831127e+02
2.730000000000000000e+02 2.700521437816619823e+02
4.600000000000000000e+01 5.459269262695312364e+01
1.440000000000000000e+02 1.464690127229690688e+02
5.300000000000000000e+01 6.033181666564941281e+01
1.200000000000000000e+02 1.217320624151229822e+02
1.510000000000000000e+02 1.540463493261337362e+02
3.160000000000000000e+02 3.100714858970642354e+02
2.790000000000000000e+02 2.747628270092010325e+02
2.340000000000000000e+02 2.322176363205909695e+02
8.000000000000000000e+01 8.891169489288330396e+01
1.970000000000000000e+02 1.970366314656436373e+02
8.300000000000000000e+01 9.205086990356446108e+01
2.480000000000000000e+02 2.456500628242492610e+02
2.930000000000000000e+02 2.883876432304382433e+02
3.620000000000000000e+02 3.539844920043945535e+02
3.410000000000000000e+02 3.347384065380096558e+02
4.700000000000000000e+01 5.714036754989624001e+01
3.620000000000000000e+02 3.544854006385803018e+02
2.110000000000000000e+02 2.105925806878805133e+02
2.800000000000000000e+01 3.844742942047119527e+01
5.700000000000000000e+01 6.490529249191284578e+01
1.580000000000000000e+02 1.609674980344772450e+02
3.860000000000000000e+02 3.766688784790039222e+02
2.520000000000000000e+02 2.493169105100631668e+02
6.700000000000000000e+01 7.622585484313964344e+01
1.450000000000000000e+02 1.490323929157257226e+02
5.900000000000000000e+01 6.684135955047607069e+01
2.110000000000000000e+02 2.099541028947830341e+02
1.720000000000000000e+02 1.724125391333103039e+02
5.300000000000000000e+01 6.127574522781372224e+01
3.340000000000000000e+02 3.274742964057922450e+02
1.080000000000000000e+02 1.134641003532409655e+02
9.600000000000000000e+01 9.902159069252013524e+01
1.880000000000000000e+02 1.887813362531661880e+02
1.050000000000000000e+02 1.107529208431243859e+02
9.300000000000000000e+01 9.602928280448914222e+01
5.300000000000000000e+01 6.163217758941650004e+01
4.700000000000000000e+01 5.502536408233642362e+01
3.900000000000000000e+02 3.790620003585815425e+02
2.870000000000000000e+02 2.834413541116714441e+02
3.300000000000000000e+01 4.279577859878540380e+01
3.680000000000000000e+02 3.594003218650817644e+02
2.150000000000000000e+02 2.141268890056610132e+02
3.490000000000000000e+02 3.417351799583435081e+02
1.430000000000000000e+02 1.472009097442627024e+02
1.790000000000000000e+02 1.806723629279136674e+02
8.500000000000000000e+01 9.135541938972473019e+01
1.140000000000000000e+02 1.196381288661956717e+02
2.400000000000000000e+01 3.502198939895630048e+01
1.000000000000000000e+02 1.071316710815429758e+02
1.640000000000000000e+02 1.660591780710220462e+02
2.850000000000000000e+02 2.810595119323730273e+02
3.990000000000000000e+02 3.875280900268554660e+02
3.270000000000000000e+02 3.205465713443755931e+02
1.570000000000000000e+02 1.600008798780441168e+02
3.250000000000000000e+02 3.195805382289886438e+02
1.730000000000000000e+02 1.748844039869308347e+02
3.530000000000000000e+02 3.449120053443908773e+02
1.120000000000000000e+02 1.154164160709381122e+02
2.700000000000000000e+02 2.663121583671569965e+02
7.600000000000000000e+01 8.354822626495361249e+01
2.470000000000000000e+02 2.445919400987625068e+02
7.000000000000000000e+01 7.706243254852294911e+01
1.610000000000000000e+02 1.638417649526596165e+02
2.140000000000000000e+02 2.127784115676879821e+02
2.930000000000000000e+02 2.890559871387481508e+02
3.330000000000000000e+02 3.261032561321258640e+02
5.900000000000000000e+01 6.738625428390503203e+01
3.850000000000000000e+02 3.740245520782470976e+02
1.970000000000000000e+02 1.972164545332789487e+02
2.370000000000000000e+02 2.353370483922958272e+02
4.400000000000000000e+01 5.363162998580932594e+01
1.600000000000000000e+02 1.620854808855056888e+02
2.300000000000000000e+02 2.282248009691238337e+02
1.390000000000000000e+02 1.422780002698898443e+02
1.440000000000000000e+02 1.475981769618988153e+02
2.300000000000000000e+02 2.281882979664802633e+02
3.790000000000000000e+02 3.681122021484375182e+02
1.020000000000000000e+02 1.073505570564270073e+02
2.640000000000000000e+02 2.612228581399917857e+02
6.700000000000000000e+01 7.323967271804809798e+01
3.360000000000000000e+02 3.297002642097473313e+02
3.670000000000000000e+02 3.580949918670654029e+02
3.250000000000000000e+02 3.185416320438384901e+02
3.480000000000000000e+02 3.398854332237243625e+02
2.240000000000000000e+02 2.233528091831207405e+02
1.000000000000000000e+02 1.049373569431304958e+02
1.410000000000000000e+02 1.429957967309951812e+02
3.810000000000000000e+02 3.711945835304260299e+02
2.020000000000000000e+02 2.022091359645724253e+02
2.450000000000000000e+02 2.432075690536499053e+02
9.400000000000000000e+01 1.007878662357330342e+02
3.710000000000000000e+02 3.611002951927184768e+02
1.690000000000000000e+02 1.709788183183670185e+02
1.960000000000000000e+02 1.966901187961101414e+02
4.400000000000000000e+01 5.439070799636840547e+01
2.840000000000000000e+02 2.806401471033096300e+02
2.610000000000000000e+02 2.587131261491775263e+02
1.480000000000000000e+02 1.514272181930541876e+02
2.410000000000000000e+02 2.391198882427215437e+02
1.210000000000000000e+02 1.260142594451904330e+02
8.100000000000000000e+01 8.810322247695923181e+01
2.070000000000000000e+02 2.069280524191558470e+02
2.840000000000000000e+02 2.805831849489212004e+02
3.270000000000000000e+02 3.204573859691619759e+02
9.100000000000000000e+01 9.798079857063294185e+01
6.500000000000000000e+01 7.490204543304443519e+01
2.140000000000000000e+02 2.139730883883386809e+02
8.900000000000000000e+01 9.349837704086303347e+01
2.750000000000000000e+02 2.713616141529083166e+02
1.500000000000000000e+02 1.532600002689361531e+02
2.130000000000000000e+02 2.123283299221992593e+02
6.200000000000000000e+01 7.034478026580811161e+01
2.800000000000000000e+02 2.767174882020950122e+02
1.910000000000000000e+02 1.920175730872154247e+02
1.470000000000000000e+02 1.507985450916290233e+02
7.500000000000000000e+01 8.153476258659362941e+01
1.830000000000000000e+02 1.834253952833414019e+02
1.760000000000000000e+02 1.781292505006790066e+02
1.940000000000000000e+02 1.942969787191152591e+02
2.970000000000000000e+02 2.927086609630584917e+02
1.820000000000000000e+02 1.805444587488174477e+02
2.210000000000000000e+02 2.186671200370788597e+02
5.800000000000000000e+01 6.815351765823363905e+01
1.150000000000000000e+02 1.201672513351440443e+02
2.480000000000000000e+02 2.455263432607650884e+02
1.970000000000000000e+02 1.972752347073555086e+02
1.500000000000000000e+02 1.505024962201118512e+02
1.860000000000000000e+02 1.866683527841568093e+02
3.140000000000000000e+02 3.082791032123565742e+02
2.250000000000000000e+02 2.237283421578407285e+02
1.050000000000000000e+02 1.104587480010986269e+02
3.980000000000000000e+02 3.863812817878722967e+02
2.260000000000000000e+02 2.244301105642318817e+02
2.000000000000000000e+02 2.007325893445014913e+02
3.360000000000000000e+02 3.288907575340271023e+02
7.300000000000000000e+01 8.006322444725036291e+01
1.820000000000000000e+02 1.820260559922009804e+02
3.710000000000000000e+02 3.623412494239806847e+02
3.070000000000000000e+02 3.018652256050110054e+02
1.400000000000000000e+02 1.428308030652999889e+02
8.700000000000000000e+01 9.306345425224304790e+01
2.840000000000000000e+02 2.799546951084137163e+02
3.570000000000000000e+02 3.491183432388305619e+02
1.020000000000000000e+02 1.058401186923980646e+02
3.130000000000000000e+02 3.072151698379516347e+02
2.800000000000000000e+01 3.834446440124511923e+01
3.200000000000000000e+02 3.138784202079772854e+02
1.550000000000000000e+02 1.582297364454269371e+02
3.050000000000000000e+02 2.998856655979156471e+02
8.600000000000000000e+01 8.998172655105591389e+01
1.100000000000000000e+02 1.158228053646087687e+02
1.120000000000000000e+02 1.148014272594451910e+02
5.900000000000000000e+01 6.670211526489258347e+01
1.720000000000000000e+02 1.736771404066085722e+02
1.780000000000000000e+02 1.796410910463333153e+02
2.280000000000000000e+02 2.270350813589095935e+02
1.540000000000000000e+02 1.572346569118499815e+02
5.600000000000000000e+01 6.448011398315429688e+01
8.000000000000000000e+01 8.751369792175293583e+01
9.800000000000000000e+01 1.033679247074127261e+02
8.900000000000000000e+01 9.758954148483276470e+01
1.720000000000000000e+02 1.733104263505935592e+02
7.300000000000000000e+01 7.787152586936950627e+01
1.840000000000000000e+02 1.854459185342788601e+02
5.400000000000000000e+01 6.179441541290283624e+01
1.090000000000000000e+02 1.129707655296325726e+02
2.100000000000000000e+01 3.240838055801391704e+01
8.500000000000000000e+01 9.206261829185486079e+01
2.580000000000000000e+02 2.548588014259338479e+02
3.400000000000000000e+01 4.401840475463867364e+01
8.900000000000000000e+01 9.388014063644409646e+01
2.030000000000000000e+02 2.025610994932651465e+02
2.600000000000000000e+02 2.567187054920196374e+02
2.180000000000000000e+02 2.173703014748096507e+02
1.110000000000000000e+02 1.141903255205154437e+02
2.970000000000000000e+02 2.925613232040405478e+02
5.200000000000000000e+01 6.032301235961914188e+01
1.810000000000000000e+02 1.822602411217689564e+02
8.800000000000000000e+01 9.244687851142883517e+01
9.400000000000000000e+01 9.990720903968811228e+01
8.100000000000000000e+01 8.674956620597839674e+01
9.200000000000000000e+01 9.826650375366210710e+01
4.500000000000000000e+01 5.490073353958129587e+01
8.400000000000000000e+01 8.993648201560974087e+01
3.620000000000000000e+02 3.524272978439331041e+02
4.000000000000000000e+02 3.884263563690185492e+02
7.200000000000000000e+01 7.968436270523071130e+01
1.770000000000000000e+02 1.773997737171650044e+02
1.650000000000000000e+02 1.672065000267028836e+02
2.180000000000000000e+02 2.169356364789009035e+02
1.280000000000000000e+02 1.328796977100372203e+02
3.480000000000000000e+02 3.407576609630584699e+02
3.530000000000000000e+02 3.440590918807983485e+02
2.180000000000000000e+02 2.166449441595077587e+02
1.130000000000000000e+02 1.183127403202056911e+02
2.710000000000000000e+02 2.674109753351211793e+02
3.060000000000000000e+02 3.006805045108795298e+02
2.770000000000000000e+02 2.732192646198272428e+02
1.980000000000000000e+02 1.988852777779102325e+02
3.660000000000000000e+02 3.577745899162292744e+02
5.000000000000000000e+01 5.927035444259643526e+01
3.850000000000000000e+02 3.745267717399597132e+02
3.410000000000000000e+02 3.333676921882629358e+02
8.000000000000000000e+01 8.787961661529540436e+01
1.540000000000000000e+02 1.573036005935668982e+02
3.050000000000000000e+02 2.998753423385620067e+02
3.810000000000000000e+02 3.697760716629028366e+02
2.200000000000000000e+02 2.185831076498031678e+02
1.000000000000000000e+02 1.056903894195556575e+02
2.240000000000000000e+02 2.230649228219986071e+02
2.450000000000000000e+02 2.437649278573989875e+02
7.200000000000000000e+01 7.791230940437317543e+01
2.790000000000000000e+02 2.759833652772903179e+02
2.110000000000000000e+02 2.104575829808711944e+02
1.770000000000000000e+02 1.777767925231456729e+02
5.000000000000000000e+01 5.859962791061401788e+01
8.500000000000000000e+01 9.179978281784057970e+01
1.140000000000000000e+02 1.191617890090942353e+02
3.950000000000000000e+02 3.841483506584167458e+02
3.610000000000000000e+02 3.528577024803161635e+02
1.420000000000000000e+02 1.452227201967239409e+02
1.590000000000000000e+02 1.619234132184982400e+02
1.320000000000000000e+02 1.364844389305114873e+02
2.230000000000000000e+02 2.216492707018852286e+02
1.560000000000000000e+02 1.588050888710021979e+02
2.010000000000000000e+02 2.010847381970882282e+02
1.840000000000000000e+02 1.854761246647834696e+02
3.550000000000000000e+02 3.468048344726562391e+02
2.390000000000000000e+02 2.365564245882034413e+02
3.180000000000000000e+02 3.130048578300476265e+02
1.180000000000000000e+02 1.236283593730926498e+02
3.110000000000000000e+02 3.054822025051116725e+02
3.300000000000000000e+02 3.235950758991241401e+02
3.800000000000000000e+02 3.715247421875000100e+02
1.400000000000000000e+02 1.444390010890960809e+02
3.540000000000000000e+02 3.463721344413757492e+02
1.090000000000000000e+02 1.155538443584442092e+02
2.200000000000000000e+01 3.336136194992065640e+01
1.290000000000000000e+02 1.327356300582885638e+02
1.370000000000000000e+02 1.412150820903778197e+02
1.180000000000000000e+02 1.231515882797241233e+02
3.530000000000000000e+02 3.451633537406921164e+02
1.110000000000000000e+02 1.161063041419982937e+02
2.210000000000000000e+02 2.196291369256973383e+02
1.130000000000000000e+02 1.179333900890350293e+02
1.910000000000000000e+02 1.913844182044267654e+02
1.240000000000000000e+02 1.283689044132232766e+02
3.700000000000000000e+01 4.643040198135376073e+01
2.500000000000000000e+01 3.590616868972778519e+01
5.500000000000000000e+01 6.306870938873291266e+01
4.400000000000000000e+01 5.282078717041015636e+01
1.970000000000000000e+02 1.979617604632377663e+02
3.390000000000000000e+02 3.318158709316253407e+02
2.730000000000000000e+02 2.695998163375854233e+02
1.490000000000000000e+02 1.517640025758743150e+02
9.400000000000000000e+01 9.738364406299591280e+01
8.900000000000000000e+01 9.590781139945984535e+01
1.550000000000000000e+02 1.583548514652252095e+02
1.880000000000000000e+02 1.886665127778053375e+02
3.850000000000000000e+02 3.747396621742248612e+02
3.950000000000000000e+02 3.836901240234374768e+02
3.830000000000000000e+02 3.729275313796997011e+02
2.610000000000000000e+02 2.591051562852859433e+02
3.710000000000000000e+02 3.619707767715453883e+02
2.630000000000000000e+02 2.607801582765579269e+02
2.160000000000000000e+02 2.152831772444248202e+02
8.900000000000000000e+01 9.530381391716002781e+01
1.030000000000000000e+02 1.086302038173675584e+02
3.650000000000000000e+02 3.569822708778381184e+02
1.020000000000000000e+02 1.045826926212310752e+02
2.690000000000000000e+02 2.660623538198470897e+02
1.650000000000000000e+02 1.643608018290996426e+02
2.070000000000000000e+02 2.067257657196521734e+02
3.900000000000000000e+01 4.822940777969360227e+01
2.610000000000000000e+02 2.582401186313629182e+02
2.740000000000000000e+02 2.710568059825897080e+02
5.900000000000000000e+01 6.678895568466187171e+01
3.030000000000000000e+02 2.976689317054748471e+02
9.800000000000000000e+01 1.042282960472106907e+02
3.820000000000000000e+02 3.724891014480591025e+02
3.070000000000000000e+02 3.027218582649230711e+02
3.580000000000000000e+02 3.491579194564819204e+02
2.220000000000000000e+02 2.212580023660659663e+02
2.140000000000000000e+02 2.131112373697757789e+02
2.030000000000000000e+02 2.028032204049229676e+02
3.940000000000000000e+02 3.831341276550293173e+02
7.400000000000000000e+01 8.156047666549682162e+01
2.150000000000000000e+02 2.137802469196319635e+02
9.700000000000000000e+01 1.040995431137084921e+02
3.610000000000000000e+02 3.531336980209350713e+02
2.700000000000000000e+02 2.667282364196777280e+02
5.200000000000000000e+01 6.213020145797729299e+01
2.660000000000000000e+02 2.627206579618454043e+02
3.930000000000000000e+02 3.823274461975097438e+02
2.620000000000000000e+02 2.587234475755691392e+02
2.290000000000000000e+02 2.270339722099304254e+02
1.230000000000000000e+02 1.277329795284271228e+02
2.710000000000000000e+02 2.671494138698577672e+02
2.340000000000000000e+02 2.322018010520935150e+02
3.300000000000000000e+01 4.284243351364136032e+01
3.340000000000000000e+02 3.284760361728668272e+02
1.820000000000000000e+02 1.828810450272560217e+02
1.730000000000000000e+02 1.752276199960708709e+02
2.580000000000000000e+02 2.559985686216354281e+02
3.750000000000000000e+02 3.654433765487671053e+02
3.580000000000000000e+02 3.495721444053650089e+02
1.620000000000000000e+02 1.646563140907287561e+02
2.560000000000000000e+02 2.538599040803909190e+02
3.300000000000000000e+01 4.264113190460204805e+01
8.200000000000000000e+01 8.852265896224974995e+01
2.450000000000000000e+02 2.431722388534545871e+02
1.310000000000000000e+02 1.342850520219802775e+02
2.300000000000000000e+02 2.288788183946609536e+02
3.780000000000000000e+02 3.681618139038085928e+02
4.500000000000000000e+01 5.430501267623901640e+01
1.660000000000000000e+02 1.683848164396285938e+02
1.130000000000000000e+02 1.148991833543777403e+02
2.420000000000000000e+02 2.400234140653610098e+02
8.900000000000000000e+01 9.608551451301575241e+01
3.700000000000000000e+01 4.703683620834350876e+01
1.580000000000000000e+02 1.607327214937210158e+02
3.860000000000000000e+02 3.762585372543334756e+02
3.280000000000000000e+02 3.227510579681396621e+02
3.180000000000000000e+02 3.122511040287017750e+02
3.700000000000000000e+01 4.635377787780761594e+01
8.000000000000000000e+01 8.431794103240966365e+01
3.560000000000000000e+02 3.486723926506042517e+02
2.500000000000000000e+01 3.605183649063110352e+01
2.500000000000000000e+01 3.575904005432128940e+01
3.050000000000000000e+02 2.994374210433960002e+02
7.800000000000000000e+01 8.350128192520141113e+01
3.140000000000000000e+02 3.084523380947113083e+02
1.240000000000000000e+02 1.292273641986846826e+02
2.950000000000000000e+02 2.900191548709869380e+02
5.900000000000000000e+01 6.827427453613280761e+01
3.520000000000000000e+02 3.437939912185668732e+02
1.610000000000000000e+02 1.606491254068613159e+02
6.500000000000000000e+01 7.293849508666991710e+01
6.800000000000000000e+01 7.603688276672363600e+01
1.610000000000000000e+02 1.635493635997772230e+02
2.990000000000000000e+02 2.938601295700073024e+02
1.630000000000000000e+02 1.645825300488471896e+02
3.510000000000000000e+02 3.437246112060547034e+02
7.000000000000000000e+01 7.970459983825683992e+01
1.660000000000000000e+02 1.684495700721740832e+02
1.010000000000000000e+02 1.045420491371154839e+02
9.500000000000000000e+01 1.007383086013794014e+02
1.270000000000000000e+02 1.316704762477874624e+02
3.570000000000000000e+02 3.485465092277526651e+02
1.180000000000000000e+02 1.200814705181121838e+02
1.280000000000000000e+02 1.329157518329620302e+02
3.690000000000000000e+02 3.613374510955810592e+02
6.400000000000000000e+01 7.018312751197814237e+01
3.840000000000000000e+02 3.738430151329040427e+02
2.420000000000000000e+02 2.399516188554763687e+02
3.800000000000000000e+01 4.717076744079589901e+01
1.580000000000000000e+02 1.608354678640365591e+02
1.170000000000000000e+02 1.224722830181121793e+02
2.380000000000000000e+02 2.361236905689239620e+02
5.500000000000000000e+01 6.395586457061767760e+01
3.220000000000000000e+02 3.157220390434264914e+02
2.230000000000000000e+02 2.210098084745407050e+02
2.190000000000000000e+02 2.174687395486831747e+02
1.530000000000000000e+02 1.559529446763992269e+02
1.440000000000000000e+02 1.475286098060607856e+02
9.500000000000000000e+01 9.913095551490783919e+01
2.030000000000000000e+02 2.033734898720979629e+02
2.040000000000000000e+02 2.036449994910955468e+02
2.410000000000000000e+02 2.385123352260589513e+02
1.220000000000000000e+02 1.273274629688262962e+02
2.900000000000000000e+01 3.935002457809448373e+01
2.700000000000000000e+01 3.783247664642333774e+01
2.340000000000000000e+02 2.321792046613693117e+02
3.920000000000000000e+02 3.813627131843566644e+02
3.630000000000000000e+02 3.546131612091064653e+02
1.560000000000000000e+02 1.582528836870193345e+02
1.470000000000000000e+02 1.498055075511932444e+02
7.400000000000000000e+01 8.073145005416870390e+01
4.000000000000000000e+02 3.885116467628478745e+02
1.190000000000000000e+02 1.235154875087738020e+02
1.100000000000000000e+02 1.152458605976104735e+02
1.520000000000000000e+02 1.553434104986190789e+02
1.270000000000000000e+02 1.314083395843505855e+02
3.260000000000000000e+02 3.213085841140747334e+02
1.310000000000000000e+02 1.349135790977477996e+02
3.930000000000000000e+02 3.819916785392761085e+02
1.890000000000000000e+02 1.902641987752914474e+02
9.700000000000000000e+01 1.024705892467498813e+02
1.220000000000000000e+02 1.272511454067230261e+02
1.150000000000000000e+02 1.204916734962463352e+02
1.340000000000000000e+02 1.369773887586593730e+02
5.600000000000000000e+01 6.313437150382995355e+01
1.440000000000000000e+02 1.449409448704719523e+02
6.100000000000000000e+01 6.834148657608032806e+01
1.190000000000000000e+02 1.239205954475402791e+02
1.150000000000000000e+02 1.210341150321960413e+02
6.700000000000000000e+01 7.643985454177857264e+01
6.900000000000000000e+01 7.608526165962219068e+01
1.270000000000000000e+02 1.317377724857330463e+02
3.440000000000000000e+02 3.365538684883117639e+02
2.070000000000000000e+02 2.069537333696186465e+02
1.780000000000000000e+02 1.796709220099449169e+02
8.900000000000000000e+01 9.494964078330993118e+01
1.100000000000000000e+02 1.158994827232360905e+02
1.160000000000000000e+02 1.196616682758331365e+02
1.390000000000000000e+02 1.429205308341979901e+02
1.410000000000000000e+02 1.448517031879425190e+02
3.600000000000000000e+01 4.596318226623534997e+01
6.900000000000000000e+01 7.441431637763976426e+01
1.600000000000000000e+02 1.628408174018859995e+02
8.800000000000000000e+01 9.417534231185912574e+01
7.400000000000000000e+01 7.914317484283446902e+01
1.220000000000000000e+02 1.267045088424682575e+02
2.050000000000000000e+02 2.027844535369873142e+02
1.270000000000000000e+02 1.313159870471954491e+02
1.650000000000000000e+02 1.667500905590057414e+02
1.010000000000000000e+02 1.066921559295654305e+02
3.600000000000000000e+02 3.519351500892639137e+02
1.840000000000000000e+02 1.854427096991539088e+02
1.440000000000000000e+02 1.471305793809890758e+02
