4.300000000000000000e+01 5.179013216018677213e+01
3.460000000000000000e+02 3.386244033279418773e+02
3.600000000000000000e+02 3.518147624320984050e+02
3.340000000000000000e+02 3.271105551090240624e+02
3.550000000000000000e+02 3.466455983161926042e+02
3.960000000000000000e+02 3.960000000000000000e+02
1.000000000000000000e+02 1.074009452247619691e+02
2.490000000000000000e+02 2.462961455745696924e+02
2.000000000000000000e+01 2.000000000000000000e+01
3.050000000000000000e+02 2.995419789524078169e+02
2.290000000000000000e+02 2.257341202402114959e+02
4.000000000000000000e+02 4.000000000000000000e+02
3.070000000000000000e+02 3.017044892139434751e+02
3.150000000000000000e+02 3.093770449352264222e+02
3.990000000000000000e+02 3.990000000000000000e+02
3.470000000000000000e+02 3.402222799396515143e+02
1.760000000000000000e+02 1.751768183503151022e+02
2.940000000000000000e+02 2.895922483863830621e+02
2.710000000000000000e+02 2.670370629673004146e+02
4.700000000000000000e+01 5.593329913711547619e+01
3.820000000000000000e+02 3.727260034294128559e+02
3.050000000000000000e+02 2.997605252494811907e+02
3.410000000000000000e+02 3.339193845214844032e+02
1.320000000000000000e+02 1.337750783410072302e+02
3.430000000000000000e+02 3.355710105628967312e+02
1.790000000000000000e+02 1.801614753522872832e+02
1.610000000000000000e+02 1.620735451517105048e+02
1.190000000000000000e+02 1.247064230957031299e+02
2.750000000000000000e+02 2.717913573293685658e+02
3.420000000000000000e+02 3.349108472557068126e+02
1.260000000000000000e+02 1.289210602531433096e+02
3.750000000000000000e+02 3.664430021324157565e+02
5.100000000000000000e+01 5.995986433029175089e+01
3.360000000000000000e+02 3.288663039264678787e+02
3.180000000000000000e+02 3.125953162975311557e+02
9.500000000000000000e+01 1.029190080566406209e+02
2.660000000000000000e+02 2.625712484502792563e+02
1.790000000000000000e+02 1.802315394473075969e+02
3.690000000000000000e+02 3.605746815986633464e+02
7.800000000000000000e+01 8.428736589050292594e+01
3.190000000000000000e+02 3.128251296234130905e+02
2.970000000000000000e+02 2.918805574398040790e+02
5.200000000000000000e+01 6.099427317428588680e+01
3.660000000000000000e+02 3.572715787887573242e+02
4.050000000000000000e+02 4.050000000000000000e+02
2.250000000000000000e+02 2.242114169967174462e+02
2.920000000000000000e+02 2.876086622085571207e+02
7.400000000000000000e+01 8.121417532539368267e+01
6.300000000000000000e+01 7.057511185455322789e+01
3.440000000000000000e+02 3.360679206352234019e+02
3.790000000000000000e+02 3.704500664405822477e+02
3.610000000000000000e+02 3.529272033920287868e+02
5.200000000000000000e+01 6.022393885803222702e+01
6.500000000000000000e+01 7.315145306396485125e+01
2.770000000000000000e+02 2.729178897857665902e+02
1.870000000000000000e+02 1.875992904691696026e+02
3.500000000000000000e+01 4.541718486404418798e+01
1.850000000000000000e+02 1.850000000000000000e+02
3.130000000000000000e+02 3.075836343841552889e+02
3.020000000000000000e+02 2.970419419841766171e+02
3.030000000000000000e+02 2.975654705047607536e+02
3.860000000000000000e+02 3.760794728889465546e+02
2.020000000000000000e+02 2.018236317948698968e+02
2.550000000000000000e+02 2.524068241376876927e+02
3.000000000000000000e+02 2.951269098167419429e+02
3.980000000000000000e+02 3.980000000000000000e+02
3.400000000000000000e+02 3.328608186531066622e+02
1.230000000000000000e+02 1.277991647701263389e+02
2.200000000000000000e+01 2.200000000000000000e+01
3.900000000000000000e+02 3.789206310653686387e+02
4.010000000000000000e+02 4.010000000000000000e+02
2.560000000000000000e+02 2.539103933610916215e+02
2.330000000000000000e+02 2.308956590223312446e+02
8.100000000000000000e+01 8.754914622116089618e+01
3.280000000000000000e+02 3.216869690570831040e+02
3.470000000000000000e+02 3.400733293743133459e+02
1.020000000000000000e+02 1.083914890995025644e+02
6.000000000000000000e+01 6.821255699157714503e+01
3.200000000000000000e+01 4.231458007431029955e+01
3.010000000000000000e+02 2.965159334220886080e+02
1.370000000000000000e+02 1.410149404029846210e+02
3.400000000000000000e+01 4.386564320373535253e+01
3.100000000000000000e+02 3.048870956916808836e+02
2.700000000000000000e+01 3.784695163726806300e+01
1.480000000000000000e+02 1.494357622923851068e+02
2.860000000000000000e+02 2.817151126213073553e+02
4.200000000000000000e+01 5.086059079742431521e+01
2.820000000000000000e+02 2.780457210311889753e+02
3.770000000000000000e+02 3.683362391166687075e+02
3.190000000000000000e+02 3.129400419654846246e+02
1.980000000000000000e+02 1.975355372707843742e+02
1.270000000000000000e+02 1.322139980392456096e+02
2.500000000000000000e+01 3.569585528182983580e+01
1.160000000000000000e+02 1.184439460325241100e+02
3.300000000000000000e+01 4.251833261489868221e+01
4.060000000000000000e+02 4.060000000000000000e+02
2.870000000000000000e+02 2.825336413860321159e+02
2.440000000000000000e+02 2.420863063678741582e+02
5.000000000000000000e+01 5.811200360488891192e+01
2.600000000000000000e+02 2.571487974243163990e+02
3.120000000000000000e+02 3.075934684906005714e+02
3.600000000000000000e+02 3.514036297416686807e+02
2.050000000000000000e+02 2.039459795465469369e+02
3.720000000000000000e+02 3.619475925254821504e+02
1.560000000000000000e+02 1.584737855472564831e+02
3.750000000000000000e+02 3.655705791244506599e+02
2.960000000000000000e+02 2.912873504905700770e+02
2.200000000000000000e+01 2.200000000000000000e+01
3.000000000000000000e+02 2.949970340957641497e+02
1.480000000000000000e+02 1.508646962442398092e+02
5.900000000000000000e+01 6.667807167816161495e+01
2.640000000000000000e+02 2.605941877517699936e+02
2.630000000000000000e+02 2.600649754419326882e+02
2.470000000000000000e+02 2.451423246517181269e+02
7.100000000000000000e+01 7.874114214706420967e+01
3.810000000000000000e+02 3.715440918655395421e+02
1.500000000000000000e+01 1.500000000000000000e+01
3.490000000000000000e+02 3.409799778785705371e+02
1.260000000000000000e+02 1.283799191370010249e+02
2.190000000000000000e+02 2.186924461152553647e+02
2.600000000000000000e+01 3.706663014602661121e+01
1.340000000000000000e+02 1.379815680847167982e+02
3.720000000000000000e+02 3.636035181427001817e+02
2.900000000000000000e+02 2.860430591430663867e+02
3.870000000000000000e+02 3.768251335487365736e+02
3.700000000000000000e+01 4.691767558288574236e+01
7.100000000000000000e+01 7.893336181640624716e+01
2.210000000000000000e+02 2.202234349474906878e+02
1.980000000000000000e+02 1.979152979692816814e+02
2.380000000000000000e+02 2.361306048536300750e+02
2.970000000000000000e+02 2.919539732494354212e+02
3.840000000000000000e+02 3.736674967765808333e+02
2.920000000000000000e+02 2.879168056335449251e+02
1.600000000000000000e+01 1.600000000000000000e+01
1.710000000000000000e+02 1.721401973495483446e+02
2.610000000000000000e+02 2.579811177396774156e+02
7.400000000000000000e+01 8.099857710838317360e+01
3.830000000000000000e+02 3.729785497474670137e+02
3.140000000000000000e+02 3.080282349777221498e+02
1.060000000000000000e+02 1.112127736053466833e+02
2.480000000000000000e+02 2.446344384183883562e+02
2.840000000000000000e+02 2.795505059280395699e+02
2.800000000000000000e+02 2.768020206851959415e+02
3.100000000000000000e+01 4.144256545639038336e+01
3.560000000000000000e+02 3.484128291168212854e+02
4.000000000000000000e+02 4.000000000000000000e+02
4.050000000000000000e+02 4.050000000000000000e+02
3.410000000000000000e+02 3.335659933280944642e+02
3.300000000000000000e+01 4.325497335052490655e+01
1.600000000000000000e+01 1.600000000000000000e+01
3.830000000000000000e+02 3.727690641746521010e+02
4.040000000000000000e+02 4.040000000000000000e+02
2.320000000000000000e+02 2.301565522012710687e+02
2.000000000000000000e+01 2.000000000000000000e+01
2.900000000000000000e+01 3.936492820739746179e+01
3.040000000000000000e+02 2.988409343605041499e+02
2.880000000000000000e+02 2.880000000000000000e+02
1.110000000000000000e+02 1.133768625984191942e+02
2.660000000000000000e+02 2.624450248155594068e+02
4.700000000000000000e+01 5.575737292480468454e+01
1.500000000000000000e+01 1.500000000000000000e+01
4.000000000000000000e+02 4.000000000000000000e+02
3.500000000000000000e+01 4.494741096878051678e+01
2.650000000000000000e+02 2.624991528615951779e+02
2.600000000000000000e+02 2.570395768814086637e+02
5.500000000000000000e+01 6.288417403793334870e+01
6.200000000000000000e+01 6.971981240463256313e+01
3.180000000000000000e+02 3.119939807033538841e+02
3.950000000000000000e+02 3.950000000000000000e+02
3.790000000000000000e+02 3.692944658164977909e+02
6.000000000000000000e+01 6.921096766662597588e+01
1.890000000000000000e+02 1.891174383052587586e+02
2.800000000000000000e+01 3.885325738525390449e+01
1.060000000000000000e+02 1.126855991611480761e+02
4.020000000000000000e+02 4.020000000000000000e+02
3.000000000000000000e+02 2.951804939537048540e+02
1.490000000000000000e+02 1.499624164099693360e+02
2.870000000000000000e+02 2.823955145912170224e+02
1.600000000000000000e+01 1.600000000000000000e+01
4.100000000000000000e+01 5.048166887283325366e+01
2.330000000000000000e+02 2.315921339530944749e+02
2.080000000000000000e+02 2.081751983793377860e+02
2.880000000000000000e+02 2.832652950935363947e+02
2.700000000000000000e+01 3.743736983871460211e+01
1.400000000000000000e+02 1.442650990028381273e+02
4.100000000000000000e+01 5.018899193572998030e+01
4.800000000000000000e+01 5.604188268280029206e+01
4.000000000000000000e+02 4.000000000000000000e+02
2.800000000000000000e+01 3.885487062454223661e+01
1.000000000000000000e+02 1.034681719999313287e+02
3.030000000000000000e+02 2.981773038444518988e+02
2.790000000000000000e+02 2.750578099346161025e+02
4.000000000000000000e+02 4.000000000000000000e+02
4.050000000000000000e+02 4.050000000000000000e+02
2.300000000000000000e+01 3.412812028121948060e+01
5.600000000000000000e+01 6.405627367782592785e+01
1.500000000000000000e+01 1.500000000000000000e+01
2.000000000000000000e+01 2.000000000000000000e+01
3.230000000000000000e+02 3.167439619522094745e+02
2.600000000000000000e+02 2.567471330976486001e+02
1.600000000000000000e+02 1.620047407703399642e+02
2.700000000000000000e+02 2.672752879838943727e+02
3.740000000000000000e+02 3.646474794616699455e+02
1.950000000000000000e+02 1.950192888236418298e+02
3.290000000000000000e+02 3.230035882663726738e+02
1.900000000000000000e+02 1.882268427386283918e+02
3.910000000000000000e+02 3.799768606376647995e+02
2.300000000000000000e+01 3.423549378204345572e+01
2.430000000000000000e+02 2.412755770912170306e+02
4.090000000000000000e+02 4.090000000000000000e+02
1.730000000000000000e+02 1.744100675816536068e+02
3.030000000000000000e+02 2.982737890624999864e+02
3.130000000000000000e+02 3.072507394695281846e+02
8.500000000000000000e+01 9.265902021408081168e+01
1.930000000000000000e+02 1.908955655012130705e+02
3.050000000000000000e+02 2.997825044441223099e+02
2.070000000000000000e+02 2.074253628648519623e+02
3.140000000000000000e+02 3.081328340187072854e+02
2.240000000000000000e+02 2.223315193891525325e+02
2.390000000000000000e+02 2.390000000000000000e+02
1.850000000000000000e+02 1.858168137166500173e+02
1.190000000000000000e+02 1.219020256748199529e+02
2.210000000000000000e+02 2.201989002125263255e+02
4.700000000000000000e+01 5.615697134399414381e+01
1.080000000000000000e+02 1.139225006084442100e+02
1.390000000000000000e+02 1.400063845410346914e+02
3.000000000000000000e+02 2.946972746658325377e+02
4.000000000000000000e+02 4.000000000000000000e+02
2.980000000000000000e+02 2.936459156532287693e+02
1.580000000000000000e+02 1.577529495431184898e+02
2.930000000000000000e+02 2.889643433704376321e+02
3.670000000000000000e+02 3.578571971054076926e+02
3.150000000000000000e+02 3.090540671558380268e+02
2.370000000000000000e+02 2.348528891305923594e+02
3.150000000000000000e+02 3.090990382575988633e+02
9.100000000000000000e+01 9.699585580253601336e+01
4.050000000000000000e+02 4.050000000000000000e+02
2.360000000000000000e+02 2.339335939588546864e+02
3.100000000000000000e+02 3.048113899135589691e+02
1.360000000000000000e+02 1.395499241781234616e+02
2.230000000000000000e+02 2.212184432649612518e+02
2.380000000000000000e+02 2.358234301948547227e+02
7.900000000000000000e+01 8.659080868148804200e+01
1.900000000000000000e+01 1.900000000000000000e+01
1.910000000000000000e+02 1.921362349333763007e+02
2.550000000000000000e+02 2.520848577718734873e+02
8.900000000000000000e+01 9.448512442016601653e+01
1.500000000000000000e+02 1.525844684400558435e+02
1.890000000000000000e+02 1.900052208309173523e+02
1.410000000000000000e+02 1.450498999824523878e+02
1.530000000000000000e+02 1.542044617280960210e+02
3.790000000000000000e+02 3.693408999176025418e+02
3.180000000000000000e+02 3.134867561321258336e+02
1.120000000000000000e+02 1.151527848014831505e+02
1.700000000000000000e+01 1.700000000000000000e+01
2.900000000000000000e+02 2.858523600578308219e+02
5.700000000000000000e+01 6.566367082595824911e+01
1.580000000000000000e+02 1.597086456580161951e+02
5.500000000000000000e+01 6.310394779968261503e+01
3.220000000000000000e+02 3.172168065586089938e+02
2.900000000000000000e+02 2.857927858066558997e+02
2.340000000000000000e+02 2.319321744728088390e+02
2.450000000000000000e+02 2.432587680773735030e+02
4.080000000000000000e+02 4.080000000000000000e+02
1.240000000000000000e+02 1.264728072557449394e+02
1.710000000000000000e+02 1.702449938383102506e+02
1.110000000000000000e+02 1.155543576564788850e+02
1.680000000000000000e+02 1.699234419097900286e+02
4.000000000000000000e+01 4.861588413238525419e+01
3.490000000000000000e+02 3.416441284904479971e+02
3.900000000000000000e+02 3.800063047370910567e+02
3.100000000000000000e+01 4.103527752304077580e+01
2.390000000000000000e+02 2.371220238580703779e+02
3.090000000000000000e+02 3.038538307495117010e+02
2.100000000000000000e+01 2.100000000000000000e+01
3.300000000000000000e+02 3.230980124549865877e+02
4.000000000000000000e+02 4.000000000000000000e+02
2.690000000000000000e+02 2.663917276210784735e+02
2.140000000000000000e+02 2.135172593042850622e+02
3.950000000000000000e+02 3.950000000000000000e+02
1.700000000000000000e+02 1.690750620698928799e+02
1.060000000000000000e+02 1.095756682472229073e+02
3.700000000000000000e+02 3.604168052940368625e+02
1.260000000000000000e+02 1.307707135677337646e+02
3.990000000000000000e+02 3.990000000000000000e+02
3.420000000000000000e+02 3.355793530941009521e+02
4.300000000000000000e+01 5.184764937973022825e+01
2.840000000000000000e+02 2.798215470142364438e+02
7.800000000000000000e+01 8.244008004570007131e+01
3.720000000000000000e+02 3.635725868988037064e+02
2.510000000000000000e+02 2.484355844793319648e+02
3.690000000000000000e+02 3.607833124923706123e+02
2.360000000000000000e+02 2.345478342766761841e+02
1.800000000000000000e+01 1.800000000000000000e+01
1.910000000000000000e+02 1.892128046126365746e+02
4.500000000000000000e+01 5.371487017440796308e+01
2.000000000000000000e+01 2.000000000000000000e+01
3.190000000000000000e+02 3.130857288169860908e+02
2.700000000000000000e+01 3.778302735519409339e+01
3.830000000000000000e+02 3.736381767082214083e+02
2.340000000000000000e+02 2.316207357273101763e+02
3.910000000000000000e+02 3.808140209884643355e+02
3.110000000000000000e+02 3.066970496234893631e+02
1.130000000000000000e+02 1.130000000000000000e+02
2.900000000000000000e+01 3.939706137084961313e+01
1.640000000000000000e+02 1.663362166318893571e+02
4.800000000000000000e+01 5.584335120391845919e+01
1.350000000000000000e+02 1.375641531419753960e+02
2.180000000000000000e+02 2.176374792404174912e+02
1.790000000000000000e+02 1.808601053819656386e+02
3.630000000000000000e+02 3.542460016288757174e+02
5.700000000000000000e+01 6.529836608123778774e+01
2.910000000000000000e+02 2.872445508251190063e+02
7.200000000000000000e+01 8.164097603607177689e+01
8.800000000000000000e+01 9.612636862182617392e+01
2.120000000000000000e+02 2.093204623641967714e+02
2.810000000000000000e+02 2.810000000000000000e+02
4.000000000000000000e+01 4.921711668014526708e+01
1.800000000000000000e+02 1.806973924443721842e+02
2.550000000000000000e+02 2.519569630966186651e+02
3.900000000000000000e+02 3.796161865882873485e+02
3.270000000000000000e+02 3.204953343276977762e+02
2.600000000000000000e+01 3.700893973922729430e+01
2.870000000000000000e+02 2.824632100257873617e+02
3.400000000000000000e+01 4.359764978027343574e+01
1.540000000000000000e+02 1.562411578273773216e+02
6.400000000000000000e+01 7.159609349060058037e+01
2.700000000000000000e+01 3.763617928314209138e+01
1.280000000000000000e+02 1.330249329757690475e+02
3.270000000000000000e+02 3.204258490028381630e+02
2.070000000000000000e+02 2.066304060293436180e+02
3.060000000000000000e+02 3.010224155540466313e+02
7.900000000000000000e+01 8.549024913215637866e+01
3.000000000000000000e+01 4.053915372085571533e+01
3.420000000000000000e+02 3.354594668140411500e+02
3.460000000000000000e+02 3.387882285137176268e+02
2.420000000000000000e+02 2.404903161911964276e+02
3.400000000000000000e+01 4.422376414108276776e+01
4.090000000000000000e+02 4.090000000000000000e+02
2.600000000000000000e+01 3.695634796524048227e+01
2.030000000000000000e+02 2.027732673037052109e+02
3.960000000000000000e+02 3.960000000000000000e+02
3.410000000000000000e+02 3.341215732822417976e+02
8.300000000000000000e+01 8.875253463554382449e+01
8.700000000000000000e+01 9.570635715484618800e+01
1.850000000000000000e+02 1.831355127639770615e+02
1.210000000000000000e+02 1.239473342752456659e+02
8.100000000000000000e+01 8.609197289657592478e+01
7.600000000000000000e+01 8.239701160812377623e+01
1.470000000000000000e+02 1.501584389324188180e+02
4.100000000000000000e+01 4.980698241424560990e+01
7.700000000000000000e+01 8.452731044006347361e+01
1.760000000000000000e+02 1.771932003350257787e+02
1.240000000000000000e+02 1.259731992578506521e+02
1.830000000000000000e+02 1.835561453564166925e+02
2.400000000000000000e+02 2.384846991872787498e+02
3.670000000000000000e+02 3.583138148307800179e+02
2.300000000000000000e+02 2.287504407434463474e+02
3.610000000000000000e+02 3.532175189208984420e+02
6.300000000000000000e+01 7.127680599975586517e+01
3.750000000000000000e+02 3.656541610260009634e+02
8.000000000000000000e+01 8.920200176239013956e+01
3.540000000000000000e+02 3.467124326782226831e+02
2.890000000000000000e+02 2.844594003391266028e+02
1.740000000000000000e+02 1.754245886836052080e+02
2.900000000000000000e+02 2.900000000000000000e+02
1.200000000000000000e+01 1.200000000000000000e+01
2.120000000000000000e+02 2.094468200025558531e+02
3.200000000000000000e+02 3.137950162563324170e+02
1.610000000000000000e+02 1.634006035404205193e+02
3.310000000000000000e+02 3.243174086685180555e+02
2.730000000000000000e+02 2.690166039237976179e+02
2.850000000000000000e+02 2.812364071273803461e+02
5.800000000000000000e+01 6.597931012725830158e+01
1.640000000000000000e+02 1.665759818315505925e+02
3.980000000000000000e+02 3.980000000000000000e+02
3.900000000000000000e+02 3.791986909980773817e+02
3.820000000000000000e+02 3.722177222137451054e+02
3.400000000000000000e+01 4.437903171157837079e+01
3.100000000000000000e+02 3.042010624370574874e+02
6.500000000000000000e+01 7.291984281921386923e+01
2.230000000000000000e+02 2.202963046903610120e+02
1.230000000000000000e+02 1.247243850240707417e+02
3.380000000000000000e+02 3.307584810047149517e+02
1.080000000000000000e+02 1.146543596439361608e+02
1.200000000000000000e+01 1.200000000000000000e+01
1.500000000000000000e+02 1.500000000000000000e+02
4.010000000000000000e+02 4.010000000000000000e+02
3.740000000000000000e+02 3.646758691825866663e+02
7.300000000000000000e+01 7.886483098411559922e+01
3.780000000000000000e+02 3.686306655769348026e+02
3.080000000000000000e+02 3.029692323455810765e+02
2.200000000000000000e+02 2.183157779664993257e+02
1.850000000000000000e+02 1.865847557215690529e+02
2.880000000000000000e+02 2.834818367481231576e+02
2.910000000000000000e+02 2.867271694850921904e+02
2.070000000000000000e+02 2.065907089936733314e+02
8.600000000000000000e+01 9.096618439483643215e+01
1.540000000000000000e+02 1.564953118572234985e+02
8.600000000000000000e+01 8.974374128341675316e+01
2.880000000000000000e+02 2.835049845237732029e+02
4.400000000000000000e+01 5.243494155120849598e+01
3.700000000000000000e+01 4.684941728973388564e+01
1.650000000000000000e+02 1.664886065950393572e+02
6.200000000000000000e+01 6.851289856147765533e+01
3.930000000000000000e+02 3.822828513450622268e+02
3.760000000000000000e+02 3.669047162246704374e+02
3.050000000000000000e+02 3.004979587497711009e+02
1.930000000000000000e+02 1.940696503868103093e+02
3.380000000000000000e+02 3.309793021163940239e+02
1.330000000000000000e+02 1.375645778694152739e+02
2.750000000000000000e+02 2.720994249849319431e+02
1.060000000000000000e+02 1.125230997238159176e+02
3.990000000000000000e+02 3.990000000000000000e+02
2.550000000000000000e+02 2.529562347288131718e+02
2.370000000000000000e+02 2.370000000000000000e+02
3.080000000000000000e+02 3.023627864284515567e+02
2.920000000000000000e+02 2.870651928062438856e+02
2.430000000000000000e+02 2.409399748268127439e+02
6.600000000000000000e+01 7.333713005065918367e+01
1.330000000000000000e+02 1.351167045993804834e+02
1.810000000000000000e+02 1.829361332883834734e+02
3.370000000000000000e+02 3.302555985698700169e+02
4.070000000000000000e+02 4.070000000000000000e+02
4.600000000000000000e+01 5.644575210189819359e+01
3.550000000000000000e+02 3.474103473434448119e+02
2.070000000000000000e+02 2.074870108981132546e+02
1.400000000000000000e+01 1.400000000000000000e+01
2.350000000000000000e+02 2.337589006161689724e+02
3.490000000000000000e+02 3.413514506874084304e+02
7.100000000000000000e+01 7.886489396667479923e+01
4.050000000000000000e+02 4.050000000000000000e+02
3.770000000000000000e+02 3.680063580932617242e+02
3.670000000000000000e+02 3.576942911109924239e+02
2.840000000000000000e+02 2.796656719894409093e+02
2.620000000000000000e+02 2.596670732765197727e+02
1.410000000000000000e+02 1.440671051692962692e+02
3.600000000000000000e+01 4.573135986709594647e+01
1.260000000000000000e+02 1.292173037652969469e+02
4.200000000000000000e+01 5.162660842132568462e+01
1.400000000000000000e+01 1.400000000000000000e+01
7.500000000000000000e+01 8.234840713882445584e+01
3.260000000000000000e+02 3.197045358734130787e+02
1.160000000000000000e+02 1.218647270717620898e+02
4.500000000000000000e+01 5.405050447845459161e+01
3.890000000000000000e+02 3.784185400962829817e+02
1.260000000000000000e+02 1.310483102245330826e+02
1.830000000000000000e+02 1.815807091145515528e+02
3.060000000000000000e+02 3.006137637710571084e+02
3.800000000000000000e+01 4.796519123840332099e+01
3.990000000000000000e+02 3.990000000000000000e+02
1.180000000000000000e+02 1.234035861282348634e+02
2.990000000000000000e+02 2.943706241188049262e+02
3.900000000000000000e+02 3.792828955078124977e+02
2.740000000000000000e+02 2.700900812149047852e+02
5.900000000000000000e+01 6.554768755149841297e+01
8.900000000000000000e+01 9.523761005783080691e+01
1.990000000000000000e+02 1.988765746654271993e+02
2.590000000000000000e+02 2.559021084146499732e+02
2.420000000000000000e+02 2.394821686038970938e+02
9.200000000000000000e+01 9.875210739707947027e+01
1.900000000000000000e+02 1.903942880920171774e+02
1.420000000000000000e+02 1.420000000000000000e+02
1.580000000000000000e+02 1.598258093261718784e+02
4.600000000000000000e+01 5.466987352752685325e+01
8.100000000000000000e+01 8.776748902320861134e+01
2.910000000000000000e+02 2.865503907585144248e+02
6.100000000000000000e+01 6.868190258026123729e+01
3.670000000000000000e+02 3.566897487411499128e+02
3.650000000000000000e+02 3.555138135375976844e+02
2.480000000000000000e+02 2.458541202754974506e+02
6.900000000000000000e+01 7.581584636878967842e+01
2.470000000000000000e+02 2.442512978687286420e+02
2.500000000000000000e+01 3.579259335327148506e+01
6.800000000000000000e+01 7.594746185684203965e+01
3.760000000000000000e+02 3.662075292778015410e+02
5.400000000000000000e+01 6.444518144989014274e+01
1.420000000000000000e+02 1.455965195598602406e+02
3.300000000000000000e+01 4.258604363632201739e+01
2.610000000000000000e+02 2.577502887859344582e+02
6.400000000000000000e+01 7.140001434326171648e+01
3.860000000000000000e+02 3.764133545379638690e+02
2.940000000000000000e+02 2.893490155448913583e+02
3.270000000000000000e+02 3.206021285171509021e+02
4.200000000000000000e+01 4.200000000000000000e+01
9.800000000000000000e+01 1.024400774478912410e+02
2.900000000000000000e+02 2.861246944198608162e+02
6.900000000000000000e+01 7.445374375534058231e+01
3.320000000000000000e+02 3.254333748550415066e+02
3.490000000000000000e+02 3.415935855216980030e+02
3.560000000000000000e+02 3.483145756568908951e+02
1.460000000000000000e+02 1.496699275760650494e+02
3.900000000000000000e+02 3.797825433387756107e+02
5.900000000000000000e+01 6.628780285644531034e+01
3.770000000000000000e+02 3.672887324523925940e+02
2.850000000000000000e+02 2.814263885679245050e+02
3.230000000000000000e+02 3.166701681613922119e+02
2.830000000000000000e+02 2.793190096549987516e+02
1.840000000000000000e+02 1.849033911082744623e+02
3.400000000000000000e+01 4.371249284744262553e+01
3.850000000000000000e+02 3.743244457283020097e+02
2.040000000000000000e+02 2.039753391207829054e+02
3.510000000000000000e+02 3.425870004081726279e+02
3.210000000000000000e+02 3.148110395412444973e+02
8.700000000000000000e+01 9.128621442604064384e+01
1.480000000000000000e+02 1.517867319889068654e+02
3.310000000000000000e+02 3.310000000000000000e+02
3.600000000000000000e+02 3.516836293716430646e+02
3.480000000000000000e+02 3.404652070045470964e+02
3.470000000000000000e+02 3.389276640701293672e+02
2.580000000000000000e+02 2.560480428085327276e+02
2.200000000000000000e+02 2.188454327626228348e+02
3.100000000000000000e+02 3.052361550388336013e+02
3.540000000000000000e+02 3.454365413818359229e+02
3.030000000000000000e+02 2.983060819911956969e+02
2.490000000000000000e+02 2.471360875291824470e+02
3.130000000000000000e+02 3.073225866355895732e+02
1.060000000000000000e+02 1.113048312911987239e+02
2.560000000000000000e+02 2.534854266891479426e+02
2.490000000000000000e+02 2.490000000000000000e+02
2.380000000000000000e+02 2.359278891706466652e+02
2.300000000000000000e+02 2.285590851702690145e+02
1.840000000000000000e+02 1.853573684315681476e+02
2.530000000000000000e+02 2.503036805191040060e+02
1.670000000000000000e+02 1.687212109346389752e+02
3.910000000000000000e+02 3.807592955474853511e+02
1.990000000000000000e+02 1.998814525585174522e+02
2.860000000000000000e+02 2.825606558847427436e+02
2.560000000000000000e+02 2.535096876258850216e+02
3.790000000000000000e+02 3.689356962928771964e+02
3.500000000000000000e+02 3.420809832839966020e+02
3.530000000000000000e+02 3.451243052101135049e+02
2.580000000000000000e+02 2.549787491874694751e+02
6.600000000000000000e+01 7.409720821762084597e+01
4.700000000000000000e+01 5.656947048187255689e+01
4.500000000000000000e+01 5.479836601638793780e+01
3.520000000000000000e+02 3.440314491310119820e+02
3.050000000000000000e+02 2.998353425769805654e+02
2.170000000000000000e+02 2.163774558403491994e+02
3.890000000000000000e+02 3.778015578994750854e+02
3.440000000000000000e+02 3.368803554744720259e+02
3.220000000000000000e+02 3.157933584213257063e+02
1.310000000000000000e+02 1.324084093136787317e+02
1.130000000000000000e+02 1.183422890968322747e+02
3.340000000000000000e+02 3.276044054965972805e+02
2.690000000000000000e+02 2.664660290670394716e+02
3.820000000000000000e+02 3.721009844779968034e+02
1.510000000000000000e+02 1.538434777746200552e+02
3.580000000000000000e+02 3.485590890159606943e+02
5.100000000000000000e+01 6.055598785400390227e+01
3.300000000000000000e+01 4.311378590393066190e+01
1.700000000000000000e+02 1.723426308383941716e+02
1.780000000000000000e+02 1.795194498381614778e+02
3.280000000000000000e+02 3.211467326278686301e+02
1.660000000000000000e+02 1.674654525413513113e+02
3.230000000000000000e+02 3.173455867691039884e+02
1.600000000000000000e+02 1.600294012900888845e+02
2.150000000000000000e+02 2.141743010735511916e+02
2.760000000000000000e+02 2.731162864961623882e+02
1.080000000000000000e+02 1.100211084814071683e+02
3.340000000000000000e+02 3.273531830940246437e+02
1.920000000000000000e+02 1.922779575086832153e+02
1.010000000000000000e+02 1.076733686771392797e+02
2.690000000000000000e+02 2.653564025154113892e+02
2.750000000000000000e+02 2.710337905941009353e+02
2.200000000000000000e+01 2.200000000000000000e+01
2.440000000000000000e+02 2.415856893377304004e+02
2.410000000000000000e+02 2.383807588062286413e+02
1.300000000000000000e+02 1.349790794849395752e+02
3.270000000000000000e+02 3.200256154193878046e+02
1.420000000000000000e+02 1.453645958461761438e+02
1.520000000000000000e+02 1.544864786577224720e+02
1.570000000000000000e+02 1.595726700582504236e+02
1.500000000000000000e+01 1.500000000000000000e+01
2.210000000000000000e+02 2.191713571138381837e+02
1.700000000000000000e+02 1.716449933881759762e+02
1.350000000000000000e+02 1.393676544342040984e+02
2.900000000000000000e+02 2.854676691646575932e+02
2.100000000000000000e+01 2.100000000000000000e+01
6.300000000000000000e+01 7.309159975051879599e+01
1.260000000000000000e+02 1.280241106824874748e+02
2.170000000000000000e+02 2.142681186809539895e+02
3.800000000000000000e+01 4.750444819259643481e+01
3.730000000000000000e+02 3.636713974876403768e+02
1.150000000000000000e+02 1.209890932731628368e+02
2.080000000000000000e+02 2.074581139621734565e+02
3.810000000000000000e+02 3.720601509208678976e+02
3.940000000000000000e+02 3.940000000000000000e+02
1.650000000000000000e+02 1.670432970161438107e+02
1.600000000000000000e+01 1.600000000000000000e+01
5.400000000000000000e+01 6.290450329208373859e+01
1.170000000000000000e+02 1.224538792743682905e+02
2.160000000000000000e+02 2.144834467186927895e+02
2.550000000000000000e+02 2.534290895171165516e+02
2.700000000000000000e+02 2.665030782661438025e+02
1.980000000000000000e+02 1.958522390289306543e+02
4.090000000000000000e+02 4.090000000000000000e+02
3.650000000000000000e+02 3.562253412551879705e+02
3.870000000000000000e+02 3.771636921195984087e+02
1.910000000000000000e+02 1.913079014228582366e+02
3.100000000000000000e+01 4.136191907882690089e+01
2.540000000000000000e+02 2.510869918718337885e+02
1.980000000000000000e+02 1.966723621916770810e+02
2.420000000000000000e+02 2.420000000000000000e+02
1.140000000000000000e+02 1.201264697341919003e+02
2.920000000000000000e+02 2.880558901538848886e+02
3.200000000000000000e+02 3.138407333621978523e+02
2.260000000000000000e+02 2.249616742086410568e+02
3.580000000000000000e+02 3.499033321266174426e+02
2.770000000000000000e+02 2.743174398136138734e+02
1.400000000000000000e+01 1.400000000000000000e+01
2.170000000000000000e+02 2.158628914451599030e+02
5.700000000000000000e+01 6.533694960403443019e+01
1.650000000000000000e+02 1.668561214256286576e+02
1.820000000000000000e+02 1.829254271841049331e+02
3.360000000000000000e+02 3.288919421348571746e+02
3.900000000000000000e+02 3.793132786140441794e+02
1.480000000000000000e+02 1.484885489633083466e+02
1.500000000000000000e+02 1.508431280047893495e+02
3.770000000000000000e+02 3.685324100532531588e+02
2.340000000000000000e+02 2.328324867987632842e+02
1.530000000000000000e+02 1.562884525537490958e+02
1.890000000000000000e+02 1.891665556722879273e+02
1.000000000000000000e+02 1.031115868005752532e+02
2.110000000000000000e+02 2.108575711660981256e+02
9.400000000000000000e+01 1.018721695632934541e+02
1.470000000000000000e+02 1.509553518638610967e+02
2.760000000000000000e+02 2.721087187614440950e+02
4.080000000000000000e+02 4.080000000000000000e+02
1.320000000000000000e+02 1.358793945312500000e+02
7.300000000000000000e+01 8.214106236267089400e+01
1.370000000000000000e+02 1.416436664276123167e+02
3.540000000000000000e+02 3.464719223403930641e+02
2.290000000000000000e+02 2.280569284982681211e+02
3.630000000000000000e+02 3.539445951881408519e+02
4.000000000000000000e+02 4.000000000000000000e+02
1.530000000000000000e+02 1.550166337556838982e+02
9.700000000000000000e+01 1.035912679595947310e+02
5.400000000000000000e+01 6.273482827377318927e+01
2.970000000000000000e+02 2.922293202037811284e+02
2.470000000000000000e+02 2.443954639196395817e+02
3.660000000000000000e+02 3.575486428947448871e+02
1.770000000000000000e+02 1.756703823366165125e+02
2.810000000000000000e+02 2.766520702953338855e+02
4.050000000000000000e+02 4.050000000000000000e+02
2.470000000000000000e+02 2.450363310203552203e+02
2.000000000000000000e+02 2.000000000000000000e+02
5.000000000000000000e+01 5.830977998733520451e+01
4.060000000000000000e+02 4.060000000000000000e+02
3.500000000000000000e+01 4.482284170532226852e+01
3.610000000000000000e+02 3.519699342155456634e+02
1.430000000000000000e+02 1.471891044349670494e+02
3.900000000000000000e+02 3.794679235763549627e+02
2.710000000000000000e+02 2.673410676498413068e+02
1.710000000000000000e+02 1.728570728731155270e+02
1.870000000000000000e+02 1.872780062717199314e+02
3.550000000000000000e+02 3.474462880287170492e+02
1.970000000000000000e+02 1.971607353221774019e+02
3.750000000000000000e+02 3.661884696884155233e+02
3.970000000000000000e+02 3.970000000000000000e+02
3.400000000000000000e+02 3.328844743003845110e+02
3.630000000000000000e+02 3.532719263610839562e+02
3.580000000000000000e+02 3.496187014694214099e+02
3.500000000000000000e+02 3.421382199401855360e+02
1.720000000000000000e+02 1.730476864542960982e+02
3.290000000000000000e+02 3.218776091575622331e+02
2.130000000000000000e+02 2.110387569408416653e+02
2.130000000000000000e+02 2.131152054479718174e+02
9.500000000000000000e+01 1.029276284523010219e+02
7.700000000000000000e+01 8.639290780639647949e+01
3.780000000000000000e+02 3.676423811607360790e+02
8.800000000000000000e+01 9.327538426208495537e+01
6.400000000000000000e+01 6.995935225868225871e+01
8.100000000000000000e+01 8.565195170593261764e+01
3.900000000000000000e+02 3.793256632347107029e+02
4.200000000000000000e+01 5.144809912109374750e+01
2.740000000000000000e+02 2.713309746141433720e+02
1.600000000000000000e+01 1.600000000000000000e+01
7.900000000000000000e+01 8.488898930740356263e+01
3.520000000000000000e+02 3.446429897842407399e+02
3.730000000000000000e+02 3.635066912117004563e+02
3.910000000000000000e+02 3.808372809028625738e+02
3.810000000000000000e+02 3.712138246345519974e+02
3.730000000000000000e+02 3.643908459243774587e+02
2.480000000000000000e+02 2.458735518856048543e+02
1.270000000000000000e+02 1.295804026527404744e+02
3.990000000000000000e+02 3.990000000000000000e+02
1.950000000000000000e+02 1.957684516625404285e+02
3.330000000000000000e+02 3.262067108383178606e+02
3.410000000000000000e+02 3.344835892009734835e+02
2.510000000000000000e+02 2.488058631620407084e+02
3.490000000000000000e+02 3.417815105800628430e+02
7.500000000000000000e+01 8.280572887039184593e+01
2.790000000000000000e+02 2.755138628530502274e+02
4.900000000000000000e+01 5.753737575149536099e+01
2.820000000000000000e+02 2.779952417087554863e+02
1.970000000000000000e+02 1.970000000000000000e+02
2.480000000000000000e+02 2.457199276456832990e+02
9.500000000000000000e+01 1.025330446701049851e+02
3.900000000000000000e+01 4.899471533584594596e+01
1.300000000000000000e+01 1.300000000000000000e+01
3.530000000000000000e+02 3.453202232933044229e+02
7.900000000000000000e+01 8.594072910118103437e+01
1.920000000000000000e+02 1.931395775556564445e+02
1.990000000000000000e+02 1.990014953143480341e+02
8.600000000000000000e+01 9.281119152832030750e+01
1.810000000000000000e+02 1.820410557637214595e+02
3.260000000000000000e+02 3.193858323554992467e+02
2.080000000000000000e+02 2.070013069214820973e+02
2.250000000000000000e+02 2.227072284736633208e+02
4.700000000000000000e+01 5.558858375930785911e+01
2.040000000000000000e+02 2.040000000000000000e+02
5.400000000000000000e+01 6.302944317626953108e+01
3.710000000000000000e+02 3.616100649528503368e+02
1.900000000000000000e+01 1.900000000000000000e+01
3.260000000000000000e+02 3.196770194492340238e+02
1.310000000000000000e+02 1.335216845960617036e+02
2.400000000000000000e+01 3.484318914413452006e+01
2.540000000000000000e+02 2.511893769302368185e+02
2.260000000000000000e+02 2.243353305912017959e+02
1.040000000000000000e+02 1.102393930206298762e+02
3.300000000000000000e+02 3.249960235481262316e+02
4.000000000000000000e+02 4.000000000000000000e+02
1.310000000000000000e+02 1.354380580844879205e+02
6.000000000000000000e+01 6.856677948379515897e+01
2.690000000000000000e+02 2.656241363744735509e+02
5.400000000000000000e+01 6.349131626892089741e+01
2.530000000000000000e+02 2.498080501995086706e+02
2.700000000000000000e+01 3.785102673339844159e+01
3.300000000000000000e+01 4.260055239868164279e+01
1.260000000000000000e+02 1.308556614837646350e+02
1.150000000000000000e+02 1.169598181610107446e+02
3.670000000000000000e+02 3.580507243385314951e+02
2.180000000000000000e+02 2.172336493153572121e+02
1.060000000000000000e+02 1.117183457393646222e+02
3.900000000000000000e+02 3.793401330299377605e+02
1.680000000000000000e+02 1.704337307987213137e+02
4.000000000000000000e+02 4.000000000000000000e+02
1.490000000000000000e+02 1.513871828269958542e+02
1.990000000000000000e+02 1.987774196169972356e+02
6.200000000000000000e+01 6.961804930496215604e+01
1.220000000000000000e+02 1.260212760257720959e+02
2.310000000000000000e+02 2.291845346074104270e+02
4.080000000000000000e+02 4.080000000000000000e+02
3.330000000000000000e+02 3.275435939235687215e+02
3.620000000000000000e+02 3.536097052574157829e+02
3.990000000000000000e+02 3.990000000000000000e+02
1.650000000000000000e+02 1.646018275072574681e+02
2.240000000000000000e+02 2.209992876806259119e+02
2.790000000000000000e+02 2.790000000000000000e+02
1.390000000000000000e+02 1.402668789563178962e+02
1.240000000000000000e+02 1.291856018238067634e+02
4.060000000000000000e+02 4.060000000000000000e+02
1.170000000000000000e+02 1.223309414348602360e+02
2.650000000000000000e+02 2.613482796001434281e+02
1.610000000000000000e+02 1.610000000000000000e+02
2.390000000000000000e+02 2.375379447431564301e+02
7.800000000000000000e+01 8.499066678047179835e+01
2.240000000000000000e+02 2.229820289068221939e+02
3.370000000000000000e+02 3.304374148807525557e+02
3.200000000000000000e+01 4.192059811782836931e+01
1.790000000000000000e+02 1.790000000000000000e+02
3.970000000000000000e+02 3.970000000000000000e+02
6.900000000000000000e+01 7.615263929557799827e+01
2.990000000000000000e+02 2.944998941173553249e+02
1.800000000000000000e+01 1.800000000000000000e+01
1.790000000000000000e+02 1.804530001611709622e+02
2.020000000000000000e+02 2.018058136405348648e+02
1.400000000000000000e+01 1.400000000000000000e+01
2.340000000000000000e+02 2.327914418520927313e+02
2.680000000000000000e+02 2.655258524913787710e+02
1.010000000000000000e+02 1.071852525196075447e+02
1.330000000000000000e+02 1.370526038684845105e+02
1.120000000000000000e+02 1.174606309795379673e+02
2.660000000000000000e+02 2.660000000000000000e+02
3.760000000000000000e+02 3.657404700927734211e+02
2.120000000000000000e+02 2.113415066039562191e+02
1.050000000000000000e+02 1.075990436630249008e+02
2.270000000000000000e+02 2.248641742286682188e+02
2.610000000000000000e+02 2.577599132347106661e+02
2.530000000000000000e+02 2.516360703692436118e+02
4.900000000000000000e+01 5.743579709625244334e+01
1.400000000000000000e+02 1.440569036750793543e+02
4.100000000000000000e+01 5.059306378173828023e+01
9.400000000000000000e+01 9.956487282180786735e+01
2.760000000000000000e+02 2.719057186183929389e+02
3.800000000000000000e+01 4.695508263015747019e+01
1.940000000000000000e+02 1.942937207962274613e+02
4.000000000000000000e+01 5.011912180328369004e+01
1.110000000000000000e+02 1.170993291263580289e+02
3.910000000000000000e+02 3.803975740470885967e+02
1.410000000000000000e+02 1.410000000000000000e+02
2.610000000000000000e+02 2.575974449710845988e+02
3.200000000000000000e+01 4.171320724487304688e+01
3.360000000000000000e+02 3.295552714061736879e+02
3.680000000000000000e+02 3.583358982696533417e+02
2.800000000000000000e+02 2.765773130350112865e+02
2.100000000000000000e+01 2.100000000000000000e+01
6.400000000000000000e+01 7.158957645416259652e+01
3.060000000000000000e+02 3.014765302906036482e+02
2.470000000000000000e+02 2.441451927480697748e+02
2.030000000000000000e+02 2.030000000000000000e+02
6.200000000000000000e+01 7.151353532791137013e+01
1.170000000000000000e+02 1.210943004322052019e+02
3.490000000000000000e+02 3.401562118301391706e+02
3.230000000000000000e+02 3.180339190845489270e+02
2.540000000000000000e+02 2.514474560327529957e+02
3.600000000000000000e+01 4.600237887191772757e+01
3.000000000000000000e+01 4.005040629577636935e+01
3.430000000000000000e+02 3.353770183219909882e+02
2.040000000000000000e+02 2.037958740856647353e+02
2.670000000000000000e+02 2.643362726287841724e+02
3.420000000000000000e+02 3.348935432510376131e+02
1.390000000000000000e+02 1.424559055795669451e+02
3.910000000000000000e+02 3.806225737342834350e+02
5.800000000000000000e+01 6.509542385482788518e+01
2.000000000000000000e+01 2.000000000000000000e+01
1.160000000000000000e+02 1.186239992971420349e+02
1.480000000000000000e+02 1.500609831151962226e+02
2.060000000000000000e+02 2.055548116593360817e+02
1.000000000000000000e+01 1.000000000000000000e+01
2.300000000000000000e+02 2.280523631811142025e+02
1.060000000000000000e+02 1.120892513599395812e+02
3.700000000000000000e+01 4.720391774749755598e+01
2.100000000000000000e+01 2.100000000000000000e+01
3.540000000000000000e+02 3.451788673210144225e+02
5.400000000000000000e+01 6.201650901794433679e+01
3.320000000000000000e+02 3.252230224800109681e+02
1.520000000000000000e+02 1.548496198606491134e+02
3.980000000000000000e+02 3.980000000000000000e+02
4.060000000000000000e+02 4.060000000000000000e+02
3.300000000000000000e+01 4.328003527832031239e+01
2.500000000000000000e+01 3.607051906585693501e+01
3.180000000000000000e+02 3.137386193275451660e+02
4.010000000000000000e+02 4.010000000000000000e+02
3.830000000000000000e+02 3.735183181381225381e+02
2.030000000000000000e+02 2.032438491445779789e+02
2.970000000000000000e+02 2.925156697444915608e+02
3.540000000000000000e+02 3.466844880485534759e+02
1.490000000000000000e+02 1.519423059997558596e+02
1.010000000000000000e+02 1.066275436611175564e+02
1.700000000000000000e+02 1.722346113491058475e+02
3.660000000000000000e+02 3.565935307655334441e+02
1.640000000000000000e+02 1.664603455667495666e+02
2.650000000000000000e+02 2.628259611101150313e+02
3.960000000000000000e+02 3.960000000000000000e+02
3.440000000000000000e+02 3.363429116897582958e+02
4.100000000000000000e+01 5.057040829086303546e+01
3.130000000000000000e+02 3.070861132926941082e+02
1.600000000000000000e+01 1.600000000000000000e+01
3.780000000000000000e+02 3.680935400238037118e+02
9.300000000000000000e+01 9.711051595497131927e+01
1.610000000000000000e+02 1.631766802120208695e+02
2.720000000000000000e+02 2.689112964315414160e+02
3.300000000000000000e+02 3.243679474086761729e+02
2.290000000000000000e+02 2.274720550022125281e+02
2.060000000000000000e+02 2.054902773251533574e+02
1.300000000000000000e+01 1.300000000000000000e+01
3.080000000000000000e+02 3.022420792407989438e+02
1.710000000000000000e+02 1.724454309039115856e+02
2.100000000000000000e+02 2.095150969531536020e+02
2.280000000000000000e+02 2.265116307797432000e+02
7.300000000000000000e+01 8.038601475143433106e+01
3.520000000000000000e+02 3.435205796318054468e+02
1.380000000000000000e+02 1.394947779064178519e+02
3.780000000000000000e+02 3.690657249526977353e+02
2.830000000000000000e+02 2.800211313562393229e+02
5.300000000000000000e+01 6.051241720199585217e+01
2.380000000000000000e+02 2.363926980037689134e+02
2.500000000000000000e+01 3.611854995346069330e+01
3.200000000000000000e+02 3.137015964527130336e+02
3.310000000000000000e+02 3.238326116447448726e+02
2.610000000000000000e+02 2.580637282772063941e+02
3.850000000000000000e+02 3.748295307731628441e+02
3.740000000000000000e+02 3.660684627113342344e+02
3.750000000000000000e+02 3.640312881965637075e+02
3.190000000000000000e+02 3.125379903488159243e+02
1.880000000000000000e+02 1.890890072016715919e+02
2.960000000000000000e+02 2.913804910297394031e+02
1.930000000000000000e+02 1.934461624648571103e+02
1.810000000000000000e+02 1.819362827777862606e+02
3.470000000000000000e+02 3.400613998031616347e+02
3.170000000000000000e+02 3.110019525127410702e+02
6.700000000000000000e+01 7.433358317565918583e+01
9.500000000000000000e+01 9.993836056327819506e+01
3.640000000000000000e+02 3.551981110229492060e+02
9.800000000000000000e+01 1.041374277248382612e+02
3.150000000000000000e+02 3.086593023929596029e+02
2.660000000000000000e+02 2.624549895772934178e+02
3.830000000000000000e+02 3.723505519752502551e+02
1.300000000000000000e+02 1.345528799362182610e+02
2.810000000000000000e+02 2.776299450750350957e+02
1.650000000000000000e+02 1.649874169226363279e+02
3.170000000000000000e+02 3.109976210994720418e+02
2.730000000000000000e+02 2.690540145359039457e+02
1.370000000000000000e+02 1.382253549304008402e+02
1.100000000000000000e+02 1.155852643222808780e+02
3.400000000000000000e+02 3.323950202713012914e+02
3.260000000000000000e+02 3.196445762805938671e+02
3.900000000000000000e+01 4.881284880065918230e+01
4.020000000000000000e+02 4.020000000000000000e+02
5.400000000000000000e+01 6.251671537780761412e+01
8.400000000000000000e+01 9.014189032745360919e+01
2.180000000000000000e+02 2.171876152226925001e+02
7.100000000000000000e+01 7.944197641754149686e+01
4.030000000000000000e+02 4.030000000000000000e+02
3.580000000000000000e+02 3.580000000000000000e+02
8.300000000000000000e+01 8.819834104537963526e+01
4.200000000000000000e+01 5.109536950302123870e+01
2.760000000000000000e+02 2.723850201940536522e+02
2.190000000000000000e+02 2.179675147323608257e+02
1.700000000000000000e+02 1.688367218766212545e+02
1.440000000000000000e+02 1.466691645851135206e+02
1.960000000000000000e+02 1.968528007295131772e+02
3.180000000000000000e+02 3.124816916027069169e+02
5.000000000000000000e+01 5.899946359634399329e+01
2.250000000000000000e+02 2.235244879851341295e+02
3.700000000000000000e+01 4.625837594604492153e+01
5.500000000000000000e+01 6.427741268920898676e+01
1.600000000000000000e+01 1.600000000000000000e+01
3.760000000000000000e+02 3.662891532974243205e+02
7.100000000000000000e+01 7.802408542633057209e+01
3.700000000000000000e+02 3.616953567466736104e+02
1.800000000000000000e+02 1.783109736437797608e+02
2.330000000000000000e+02 2.314173947229385249e+02
4.900000000000000000e+01 5.831206399536132778e+01
3.400000000000000000e+02 3.333395090942382808e+02
1.050000000000000000e+02 1.093812197589874273e+02
2.530000000000000000e+02 2.500498914813995270e+02
1.860000000000000000e+02 1.867783543474674275e+02
3.460000000000000000e+02 3.391052806911468451e+02
3.210000000000000000e+02 3.142723475093841330e+02
1.750000000000000000e+02 1.765853692374229524e+02
6.700000000000000000e+01 7.454016439819335460e+01
3.400000000000000000e+02 3.331719556198120245e+02
4.500000000000000000e+01 5.397479393768310274e+01
1.760000000000000000e+02 1.774783851914405943e+02
1.710000000000000000e+02 1.729949331760406608e+02
1.580000000000000000e+02 1.603891034736633401e+02
1.890000000000000000e+02 1.894242516791820492e+02
3.630000000000000000e+02 3.538783077659606988e+02
2.400000000000000000e+01 3.496953444290161173e+01
1.350000000000000000e+02 1.396802976970672603e+02
2.730000000000000000e+02 2.700270617208481099e+02
4.600000000000000000e+01 5.460993168640136730e+01
1.440000000000000000e+02 1.464847915973663248e+02
5.300000000000000000e+01 6.031775386047362986e+01
1.200000000000000000e+02 1.217003093976974526e+02
1.510000000000000000e+02 1.540471130819320820e+02
3.160000000000000000e+02 3.100845342578887767e+02
2.790000000000000000e+02 2.747558570880889874e+02
2.340000000000000000e+02 2.322080902390480048e+02
8.000000000000000000e+01 8.887874774932861044e+01
1.970000000000000000e+02 1.970201640738099798e+02
8.300000000000000000e+01 8.300000000000000000e+01
2.480000000000000000e+02 2.456498015279769902e+02
2.930000000000000000e+02 2.883853459014892451e+02
3.620000000000000000e+02 3.540285941390991411e+02
3.700000000000000000e+01 4.682520917510986180e+01
3.410000000000000000e+02 3.347381697044372686e+02
3.890000000000000000e+02 3.890000000000000000e+02
4.700000000000000000e+01 5.715649041748046955e+01
3.620000000000000000e+02 3.544673640518188336e+02
2.110000000000000000e+02 2.105613453921079667e+02
2.800000000000000000e+01 3.846524346160888541e+01
5.700000000000000000e+01 6.487310823822021177e+01
1.580000000000000000e+02 1.609621002206802416e+02
2.000000000000000000e+01 2.000000000000000000e+01
3.860000000000000000e+02 3.766612946090698415e+02
2.520000000000000000e+02 2.493142126855850336e+02
6.700000000000000000e+01 7.621785705566406932e+01
1.450000000000000000e+02 1.490009516353607069e+02
5.900000000000000000e+01 6.689936342620849530e+01
2.330000000000000000e+02 2.330000000000000000e+02
2.110000000000000000e+02 2.099001421837806731e+02
1.720000000000000000e+02 1.723637056310176945e+02
3.380000000000000000e+02 3.303762398452759044e+02
5.300000000000000000e+01 6.124903282546996763e+01
3.340000000000000000e+02 3.274908821163177208e+02
1.080000000000000000e+02 1.134574503955841038e+02
9.600000000000000000e+01 9.903360317707061711e+01
3.750000000000000000e+02 3.655465563201904047e+02
1.880000000000000000e+02 1.887963108351230517e+02
1.050000000000000000e+02 1.107205625362396262e+02
9.300000000000000000e+01 9.603348735809326797e+01
4.050000000000000000e+02 4.050000000000000000e+02
2.000000000000000000e+01 2.000000000000000000e+01
5.300000000000000000e+01 6.160054407119751119e+01
4.700000000000000000e+01 5.500443873214722146e+01
3.900000000000000000e+02 3.791233242340088054e+02
2.870000000000000000e+02 2.834481367740631299e+02
3.300000000000000000e+01 4.279718920898437773e+01
3.680000000000000000e+02 3.593928895339965948e+02
2.150000000000000000e+02 2.141274236130714428e+02
3.490000000000000000e+02 3.417452001399993833e+02
1.430000000000000000e+02 1.471670780467987072e+02
3.770000000000000000e+02 3.662912907600402832e+02
1.980000000000000000e+02 1.980000000000000000e+02
1.790000000000000000e+02 1.806576892046928435e+02
8.500000000000000000e+01 9.136751218986510992e+01
1.140000000000000000e+02 1.196058913574218820e+02
2.400000000000000000e+01 3.504883602142334098e+01
1.000000000000000000e+02 1.071035147304534974e+02
1.640000000000000000e+02 1.660230369215011592e+02
2.850000000000000000e+02 2.810222537250518826e+02
3.990000000000000000e+02 3.990000000000000000e+02
3.270000000000000000e+02 3.205156327400207488e+02
1.570000000000000000e+02 1.599639747562408445e+02
3.250000000000000000e+02 3.196037587432861073e+02
1.730000000000000000e+02 1.748522894411086952e+02
3.530000000000000000e+02 3.449487842559814226e+02
1.120000000000000000e+02 1.154258391895294125e+02
2.700000000000000000e+02 2.663307188453674144e+02
1.090000000000000000e+02 1.117888824405670221e+02
8.300000000000000000e+01 8.854269402885437046e+01
7.600000000000000000e+01 8.355531828308104991e+01
2.470000000000000000e+02 2.446398740015029887e+02
7.000000000000000000e+01 7.701199825477600314e+01
3.680000000000000000e+02 3.680000000000000000e+02
1.610000000000000000e+02 1.638195946025848286e+02
2.140000000000000000e+02 2.128069996962547350e+02
2.930000000000000000e+02 2.890890663375854501e+02
3.330000000000000000e+02 3.261041670970916471e+02
5.900000000000000000e+01 6.738864686584471997e+01
3.850000000000000000e+02 3.740851070022583258e+02
2.740000000000000000e+02 2.711194750900268673e+02
1.970000000000000000e+02 1.972331360244751011e+02
2.370000000000000000e+02 2.353220896677970870e+02
4.400000000000000000e+01 5.360646501159668276e+01
1.600000000000000000e+02 1.620612060937881438e+02
8.300000000000000000e+01 8.883068365287780921e+01
1.540000000000000000e+02 1.542460296533107851e+02
2.300000000000000000e+02 2.282537813668251090e+02
1.390000000000000000e+02 1.422709024066924997e+02
1.440000000000000000e+02 1.475554462537765517e+02
2.300000000000000000e+02 2.281610866765975913e+02
1.330000000000000000e+02 1.343932320485114928e+02
3.790000000000000000e+02 3.681653204116821030e+02
1.020000000000000000e+02 1.073604213695526113e+02
2.640000000000000000e+02 2.612370410938262921e+02
2.000000000000000000e+01 2.000000000000000000e+01
6.700000000000000000e+01 7.326662974739075196e+01
3.360000000000000000e+02 3.297107649860382139e+02
3.670000000000000000e+02 3.580459183921814201e+02
3.250000000000000000e+02 3.185067443370818978e+02
3.480000000000000000e+02 3.398839264945983700e+02
2.240000000000000000e+02 2.233667462651729636e+02
1.000000000000000000e+02 1.049434133014678991e+02
1.410000000000000000e+02 1.430347437305450455e+02
3.810000000000000000e+02 3.712291378517151088e+02
2.020000000000000000e+02 2.022283235836029007e+02
2.450000000000000000e+02 2.432442056269645718e+02
9.400000000000000000e+01 1.007832178897857602e+02
1.400000000000000000e+01 1.400000000000000000e+01
3.710000000000000000e+02 3.611031761627197056e+02
1.690000000000000000e+02 1.709724976329803496e+02
1.960000000000000000e+02 1.967149249479770674e+02
4.400000000000000000e+01 5.441037340927124433e+01
2.520000000000000000e+02 2.520000000000000000e+02
2.840000000000000000e+02 2.806130368032455635e+02
2.610000000000000000e+02 2.587062302656173642e+02
3.880000000000000000e+02 3.772242465095520174e+02
1.480000000000000000e+02 1.513957485532760643e+02
2.410000000000000000e+02 2.391196353893280104e+02
1.210000000000000000e+02 1.260066543598175031e+02
8.100000000000000000e+01 8.811810532379149663e+01
2.070000000000000000e+02 2.069433644287437062e+02
3.640000000000000000e+02 3.640000000000000000e+02
4.080000000000000000e+02 4.080000000000000000e+02
2.840000000000000000e+02 2.805494837913512924e+02
3.270000000000000000e+02 3.204438349323272632e+02
9.100000000000000000e+01 9.798260707855224894e+01
3.210000000000000000e+02 3.210000000000000000e+02
6.500000000000000000e+01 7.487855258178710471e+01
2.140000000000000000e+02 2.139472962969839500e+02
8.900000000000000000e+01 9.354567924308776128e+01
2.750000000000000000e+02 2.713555179615020734e+02
1.500000000000000000e+02 1.532655820941924958e+02
4.090000000000000000e+02 4.090000000000000000e+02
2.130000000000000000e+02 2.123364652311801990e+02
4.200000000000000000e+01 4.200000000000000000e+01
6.200000000000000000e+01 7.032071243286132756e+01
1.330000000000000000e+02 1.369854790859222362e+02
2.800000000000000000e+02 2.766966557235717801e+02
1.910000000000000000e+02 1.920440718197822605e+02
1.470000000000000000e+02 1.507495261707306042e+02
7.500000000000000000e+01 8.152439603042603267e+01
1.830000000000000000e+02 1.834104031661748877e+02
1.760000000000000000e+02 1.781268126735687360e+02
1.940000000000000000e+02 1.943233678295612208e+02
2.970000000000000000e+02 2.926679013423919855e+02
1.820000000000000000e+02 1.804986366481780919e+02
2.210000000000000000e+02 2.186910962972640959e+02
5.800000000000000000e+01 6.814502109146118869e+01
1.150000000000000000e+02 1.201885503368377641e+02
2.480000000000000000e+02 2.455395238933563178e+02
4.060000000000000000e+02 4.060000000000000000e+02
1.970000000000000000e+02 1.972982669346332614e+02
1.500000000000000000e+02 1.504812039835452993e+02
1.860000000000000000e+02 1.866093579525947632e+02
2.970000000000000000e+02 2.970000000000000000e+02
1.740000000000000000e+02 1.754666161432266165e+02
4.050000000000000000e+02 4.050000000000000000e+02
3.140000000000000000e+02 3.082193665981292838e+02
2.250000000000000000e+02 2.237296915030479454e+02
1.050000000000000000e+02 1.104711404151916554e+02
3.980000000000000000e+02 3.980000000000000000e+02
2.260000000000000000e+02 2.244114296126365673e+02
2.000000000000000000e+02 2.007535270884037004e+02
3.360000000000000000e+02 3.289084429836273102e+02
7.300000000000000000e+01 8.000834530258178745e+01
1.820000000000000000e+02 1.820062295591235113e+02
3.710000000000000000e+02 3.623622405853271289e+02
3.070000000000000000e+02 3.018863981800079159e+02
1.400000000000000000e+02 1.428261272258758652e+02
1.320000000000000000e+02 1.337983249416351441e+02
8.700000000000000000e+01 9.305301625633239837e+01
1.920000000000000000e+02 1.920000000000000000e+02
1.700000000000000000e+01 1.700000000000000000e+01
2.670000000000000000e+02 2.636662895030975164e+02
2.840000000000000000e+02 2.799997978324890369e+02
3.570000000000000000e+02 3.491314786262512371e+02
1.020000000000000000e+02 1.058721388511657722e+02
3.720000000000000000e+02 3.624317704048156656e+02
3.130000000000000000e+02 3.072307614536285314e+02
2.800000000000000000e+01 3.831971940612793048e+01
3.200000000000000000e+02 3.138574753742217922e+02
1.550000000000000000e+02 1.582076741209030217e+02
3.050000000000000000e+02 2.998404286537170265e+02
8.600000000000000000e+01 8.998837520980835336e+01
2.550000000000000000e+02 2.550000000000000000e+02
1.100000000000000000e+02 1.158010954761505076e+02
1.120000000000000000e+02 1.148257535743713333e+02
5.900000000000000000e+01 6.673895825576782670e+01
1.720000000000000000e+02 1.736090193643569819e+02
1.780000000000000000e+02 1.796024211463928282e+02
2.280000000000000000e+02 2.270641350364685138e+02
1.540000000000000000e+02 1.571873813371658457e+02
5.600000000000000000e+01 6.445859200286865587e+01
2.710000000000000000e+02 2.674759662342071351e+02
8.000000000000000000e+01 8.755470087051391204e+01
3.140000000000000000e+02 3.140000000000000000e+02
9.800000000000000000e+01 1.033506310939788762e+02
8.900000000000000000e+01 8.900000000000000000e+01
1.720000000000000000e+02 1.732521925687789803e+02
1.400000000000000000e+01 1.400000000000000000e+01
7.300000000000000000e+01 7.785313944435119993e+01
1.840000000000000000e+02 1.854146228394508285e+02
5.400000000000000000e+01 6.183251574325561251e+01
2.540000000000000000e+02 2.508719876871109022e+02
1.090000000000000000e+02 1.129714006938934290e+02
2.100000000000000000e+01 2.100000000000000000e+01
8.500000000000000000e+01 9.208892630195617812e+01
2.580000000000000000e+02 2.548528143424987888e+02
3.400000000000000000e+01 4.402297170257568126e+01
8.900000000000000000e+01 9.390169205856322776e+01
2.030000000000000000e+02 2.025274014205932644e+02
2.600000000000000000e+02 2.567429467287063858e+02
2.180000000000000000e+02 2.173896822652816638e+02
1.060000000000000000e+02 1.060000000000000000e+02
1.110000000000000000e+02 1.142151759433746321e+02
3.910000000000000000e+02 3.910000000000000000e+02
2.970000000000000000e+02 2.926052222766876412e+02
5.200000000000000000e+01 6.030522083282470902e+01
1.810000000000000000e+02 1.822085375819206376e+02
8.800000000000000000e+01 9.248155925941466649e+01
9.400000000000000000e+01 9.989567217063904536e+01
8.100000000000000000e+01 8.675187522506713833e+01
9.200000000000000000e+01 9.827199725341796466e+01
4.500000000000000000e+01 5.489743865203857354e+01
8.400000000000000000e+01 8.989717889976500942e+01
3.620000000000000000e+02 3.524369209938049039e+02
2.180000000000000000e+02 2.180000000000000000e+02
4.000000000000000000e+02 4.000000000000000000e+02
7.200000000000000000e+01 7.969175087356566678e+01
1.770000000000000000e+02 1.773676935111284365e+02
1.650000000000000000e+02 1.671604211759567136e+02
2.180000000000000000e+02 2.169318461675644016e+02
1.280000000000000000e+02 1.328712288532257162e+02
3.110000000000000000e+02 3.054871037044525224e+02
3.480000000000000000e+02 3.407754420986175319e+02
1.800000000000000000e+01 1.800000000000000000e+01
3.520000000000000000e+02 3.430295989570617508e+02
3.530000000000000000e+02 3.440375950126647808e+02
2.180000000000000000e+02 2.165863507976532105e+02
1.130000000000000000e+02 1.182932550220489532e+02
2.710000000000000000e+02 2.674246514997482222e+02
3.060000000000000000e+02 3.006897691631317002e+02
2.770000000000000000e+02 2.732083040313720517e+02
1.980000000000000000e+02 1.988275120346546032e+02
1.650000000000000000e+02 1.650000000000000000e+02
3.660000000000000000e+02 3.578098586349487391e+02
9.900000000000000000e+01 1.033404406547546444e+02
5.000000000000000000e+01 5.924992613983154399e+01
3.850000000000000000e+02 3.745828861427307288e+02
3.410000000000000000e+02 3.333626619644164748e+02
8.000000000000000000e+01 8.787056065368652469e+01
1.540000000000000000e+02 1.572812146253585865e+02
3.050000000000000000e+02 2.998952207717895249e+02
3.810000000000000000e+02 3.698290652313232272e+02
2.200000000000000000e+02 2.185334427404403641e+02
2.070000000000000000e+02 2.043202426328658987e+02
1.000000000000000000e+02 1.056805800933837958e+02
2.590000000000000000e+02 2.561542125568390134e+02
2.240000000000000000e+02 2.230742276320457336e+02
2.450000000000000000e+02 2.437020508170127755e+02
7.200000000000000000e+01 7.794115417480469432e+01
2.790000000000000000e+02 2.759804055070877098e+02
2.110000000000000000e+02 2.104935928328037278e+02
3.440000000000000000e+02 3.440000000000000000e+02
3.200000000000000000e+01 4.193336808013916084e+01
1.770000000000000000e+02 1.777408511884212601e+02
5.000000000000000000e+01 5.860270718002319512e+01
8.500000000000000000e+01 9.180652239990234875e+01
1.140000000000000000e+02 1.191457947330474809e+02
3.240000000000000000e+02 3.240000000000000000e+02
3.950000000000000000e+02 3.950000000000000000e+02
3.610000000000000000e+02 3.528899646682739331e+02
1.420000000000000000e+02 1.452230661382675123e+02
1.590000000000000000e+02 1.619004018278122032e+02
1.320000000000000000e+02 1.364876745014190647e+02
2.230000000000000000e+02 2.216408305292129626e+02
1.560000000000000000e+02 1.587732836809158243e+02
2.140000000000000000e+02 2.140000000000000000e+02
2.010000000000000000e+02 2.010992469323873593e+02
4.070000000000000000e+02 4.070000000000000000e+02
1.840000000000000000e+02 1.854271325879097105e+02
3.550000000000000000e+02 3.467673013305663972e+02
2.390000000000000000e+02 2.365718538408279414e+02
3.180000000000000000e+02 3.130110142040252867e+02
2.270000000000000000e+02 2.270000000000000000e+02
1.180000000000000000e+02 1.235992829647064184e+02
3.110000000000000000e+02 3.054782681236267194e+02
3.940000000000000000e+02 3.940000000000000000e+02
3.300000000000000000e+02 3.236104246196746885e+02
3.800000000000000000e+02 3.714946864051818807e+02
1.400000000000000000e+01 1.400000000000000000e+01
1.190000000000000000e+02 1.221447632007598827e+02
1.400000000000000000e+02 1.444031374721527072e+02
3.540000000000000000e+02 3.463746603775024369e+02
1.970000000000000000e+02 1.970000000000000000e+02
1.090000000000000000e+02 1.155185894947051963e+02
2.200000000000000000e+01 3.335761504364013774e+01
1.290000000000000000e+02 1.327344004287719770e+02
1.370000000000000000e+02 1.412135554447174002e+02
1.180000000000000000e+02 1.231323155689239570e+02
2.750000000000000000e+02 2.709303809165954817e+02
3.530000000000000000e+02 3.451909424705505103e+02
2.000000000000000000e+01 2.000000000000000000e+01
1.110000000000000000e+02 1.160891326255798361e+02
2.210000000000000000e+02 2.196079297132492059e+02
1.130000000000000000e+02 1.179608844318389913e+02
1.910000000000000000e+02 1.913396708118915512e+02
3.930000000000000000e+02 3.816768977127075004e+02
1.240000000000000000e+02 1.283795043392181299e+02
3.700000000000000000e+01 4.643829239273071607e+01
2.500000000000000000e+01 3.587363892745971583e+01
5.500000000000000000e+01 6.306851888275146223e+01
4.400000000000000000e+01 5.278439793014526060e+01
1.970000000000000000e+02 1.979602450747489968e+02
3.390000000000000000e+02 3.318275783901214595e+02
2.730000000000000000e+02 2.696425957546234145e+02
1.490000000000000000e+02 1.517517110433578580e+02
9.400000000000000000e+01 9.741136744594574282e+01
8.900000000000000000e+01 9.592881208610535282e+01
1.550000000000000000e+02 1.583159681119918787e+02
6.900000000000000000e+01 6.900000000000000000e+01
1.880000000000000000e+02 1.886730497848987511e+02
3.850000000000000000e+02 3.747031213951111113e+02
3.950000000000000000e+02 3.950000000000000000e+02
3.830000000000000000e+02 3.729399584312438947e+02
2.610000000000000000e+02 2.590900593357086450e+02
4.050000000000000000e+02 4.050000000000000000e+02
3.710000000000000000e+02 3.620091022453308369e+02
2.630000000000000000e+02 2.607936002054214555e+02
3.830000000000000000e+02 3.726215666503906050e+02
2.160000000000000000e+02 2.152803966689109814e+02
1.400000000000000000e+01 1.400000000000000000e+01
8.900000000000000000e+01 9.530020599365234091e+01
1.030000000000000000e+02 1.086138713932037376e+02
3.650000000000000000e+02 3.569781836585998462e+02
1.020000000000000000e+02 1.046036634330749564e+02
2.690000000000000000e+02 2.660691990461349405e+02
1.650000000000000000e+02 1.643392107362747083e+02
2.070000000000000000e+02 2.067450355079174074e+02
4.030000000000000000e+02 4.030000000000000000e+02
3.900000000000000000e+01 4.824674382400512940e+01
2.610000000000000000e+02 2.582563122892379965e+02
2.740000000000000000e+02 2.710424271106720084e+02
5.900000000000000000e+01 6.676432152938842535e+01
3.960000000000000000e+02 3.960000000000000000e+02
2.190000000000000000e+02 2.163492257366180525e+02
3.030000000000000000e+02 2.976687515907287320e+02
9.800000000000000000e+01 1.042017970981597870e+02
1.600000000000000000e+01 1.600000000000000000e+01
3.820000000000000000e+02 3.724981175765990997e+02
1.500000000000000000e+01 1.500000000000000000e+01
3.070000000000000000e+02 3.026909768123626918e+02
3.580000000000000000e+02 3.491530312461853214e+02
2.220000000000000000e+02 2.212829812722206100e+02
2.140000000000000000e+02 2.130753384118080191e+02
2.030000000000000000e+02 2.028128855932951069e+02
4.040000000000000000e+02 4.040000000000000000e+02
3.940000000000000000e+02 3.940000000000000000e+02
7.400000000000000000e+01 8.158782726287842024e+01
2.150000000000000000e+02 2.137217863707542449e+02
9.700000000000000000e+01 1.040818078727722167e+02
4.050000000000000000e+02 4.050000000000000000e+02
3.610000000000000000e+02 3.531284201393127660e+02
2.700000000000000000e+02 2.667559082794189180e+02
5.200000000000000000e+01 6.212293192291259913e+01
2.660000000000000000e+02 2.627285741348266583e+02
3.930000000000000000e+02 3.930000000000000000e+02
2.620000000000000000e+02 2.587413529729843162e+02
2.290000000000000000e+02 2.270099030780792191e+02
1.230000000000000000e+02 1.277325755691528286e+02
2.710000000000000000e+02 2.671756062774658176e+02
2.340000000000000000e+02 2.321903036913871858e+02
3.300000000000000000e+01 4.286109011077881092e+01
3.340000000000000000e+02 3.284676552085876438e+02
1.820000000000000000e+02 1.828786738772392368e+02
1.730000000000000000e+02 1.752094446430206176e+02
2.580000000000000000e+02 2.560027495784759708e+02
3.750000000000000000e+02 3.654097955398559634e+02
6.600000000000000000e+01 7.355937952423096249e+01
3.580000000000000000e+02 3.496100646209716842e+02
1.620000000000000000e+02 1.646179771432876464e+02
2.560000000000000000e+02 2.538577849178314239e+02
3.300000000000000000e+01 4.261238022232055300e+01
4.020000000000000000e+02 4.020000000000000000e+02
1.220000000000000000e+02 1.272008613529205263e+02
8.200000000000000000e+01 8.847748263359069654e+01
2.450000000000000000e+02 2.431848226394653238e+02
1.310000000000000000e+02 1.342830289783477724e+02
1.080000000000000000e+02 1.080000000000000000e+02
2.300000000000000000e+02 2.288885299782753009e+02
3.780000000000000000e+02 3.681019015045166043e+02
4.500000000000000000e+01 5.429872771072388105e+01
1.660000000000000000e+02 1.683491732034683253e+02
1.130000000000000000e+02 1.148889202775955169e+02
2.420000000000000000e+02 2.400228568353653031e+02
8.900000000000000000e+01 9.609903437614440236e+01
3.700000000000000000e+01 4.701124605941772927e+01
1.580000000000000000e+02 1.607348588409423940e+02
3.860000000000000000e+02 3.762564520797729415e+02
3.280000000000000000e+02 3.227296316738128894e+02
3.180000000000000000e+02 3.122310285949707236e+02
3.700000000000000000e+01 4.637585405731201149e+01
8.000000000000000000e+01 8.431405860710144395e+01
3.560000000000000000e+02 3.486580856513976983e+02
3.600000000000000000e+01 4.595742811965942565e+01
2.500000000000000000e+01 3.604264717483520286e+01
2.500000000000000000e+01 3.574358309173584303e+01
3.050000000000000000e+02 2.994344608402251993e+02
7.800000000000000000e+01 8.348136798858642749e+01
3.140000000000000000e+02 3.084441948299407841e+02
1.240000000000000000e+02 1.292222473812103374e+02
2.950000000000000000e+02 2.900319793872833429e+02
1.000000000000000000e+01 1.000000000000000000e+01
5.900000000000000000e+01 6.826233067703246604e+01
3.520000000000000000e+02 3.438307008552551451e+02
1.610000000000000000e+02 1.606351096869707078e+02
3.400000000000000000e+02 3.319449550857543727e+02
6.500000000000000000e+01 7.294551609802246617e+01
6.800000000000000000e+01 7.602682838058471759e+01
1.610000000000000000e+02 1.635143975257873592e+02
2.990000000000000000e+02 2.938668245563507071e+02
2.590000000000000000e+02 2.590000000000000000e+02
1.630000000000000000e+02 1.645005564074516258e+02
3.510000000000000000e+02 3.437287599067688006e+02
7.000000000000000000e+01 7.968786302185058901e+01
9.500000000000000000e+01 9.950637785911560229e+01
1.660000000000000000e+02 1.684139770603179898e+02
1.010000000000000000e+02 1.046013148984909122e+02
1.440000000000000000e+02 1.448492598619461091e+02
9.500000000000000000e+01 1.007212219467163123e+02
3.510000000000000000e+02 3.510000000000000000e+02
1.270000000000000000e+02 1.316811471805572467e+02
3.570000000000000000e+02 3.485331963233947477e+02
1.180000000000000000e+02 1.200402153654098498e+02
1.280000000000000000e+02 1.329067820320129272e+02
4.090000000000000000e+02 4.090000000000000000e+02
3.690000000000000000e+02 3.612972119026184146e+02
6.400000000000000000e+01 7.018013397026061284e+01
3.840000000000000000e+02 3.738573801498413332e+02
2.420000000000000000e+02 2.400120475692748983e+02
3.800000000000000000e+01 4.714215777206420910e+01
2.850000000000000000e+02 2.850000000000000000e+02
1.300000000000000000e+01 1.300000000000000000e+01
1.580000000000000000e+02 1.607986188116073549e+02
3.560000000000000000e+02 3.473164334220886076e+02
9.800000000000000000e+01 9.800000000000000000e+01
1.170000000000000000e+02 1.224471037559509341e+02
3.670000000000000000e+02 3.576941135940551817e+02
2.380000000000000000e+02 2.361252854070663432e+02
3.440000000000000000e+02 3.358720034179687559e+02
5.500000000000000000e+01 6.392871833419799543e+01
3.220000000000000000e+02 3.156948594684600948e+02
2.230000000000000000e+02 2.210129403495788551e+02
2.190000000000000000e+02 2.174781015105247377e+02
1.530000000000000000e+02 1.559580065069198724e+02
3.360000000000000000e+02 3.360000000000000000e+02
1.440000000000000000e+02 1.475441618051528962e+02
3.380000000000000000e+02 3.304996920509338452e+02
3.190000000000000000e+02 3.190000000000000000e+02
8.800000000000000000e+01 8.800000000000000000e+01
6.100000000000000000e+01 7.021818784332275243e+01
9.500000000000000000e+01 9.917794511413573844e+01
2.030000000000000000e+02 2.034001759986877573e+02
2.040000000000000000e+02 2.036566521520614685e+02
2.410000000000000000e+02 2.385515995912551830e+02
1.220000000000000000e+02 1.273129979362487774e+02
2.900000000000000000e+01 3.933634798049926928e+01
2.700000000000000000e+01 3.785160344696045343e+01
2.340000000000000000e+02 2.321543217658996525e+02
3.920000000000000000e+02 3.920000000000000000e+02
3.630000000000000000e+02 3.546237230339050370e+02
2.330000000000000000e+02 2.330000000000000000e+02
1.560000000000000000e+02 1.582372799482345442e+02
1.470000000000000000e+02 1.497800752191543552e+02
7.800000000000000000e+01 7.800000000000000000e+01
7.400000000000000000e+01 8.068404307365418049e+01
4.000000000000000000e+02 4.000000000000000000e+02
1.190000000000000000e+02 1.235373930988311741e+02
1.100000000000000000e+02 1.152694837722778374e+02
1.520000000000000000e+02 1.553097783994674614e+02
1.270000000000000000e+02 1.313943157463073703e+02
3.260000000000000000e+02 3.213046432380676265e+02
1.310000000000000000e+02 1.349089679870605494e+02
3.940000000000000000e+02 3.940000000000000000e+02
3.930000000000000000e+02 3.930000000000000000e+02
4.090000000000000000e+02 4.090000000000000000e+02
1.890000000000000000e+02 1.902447823190689178e+02
9.700000000000000000e+01 1.024635297012329147e+02
1.220000000000000000e+02 1.272228652267456113e+02
3.330000000000000000e+02 3.257304069175719974e+02
1.150000000000000000e+02 1.204678498573303216e+02
1.340000000000000000e+02 1.369757164192199639e+02
5.600000000000000000e+01 6.312518998146057214e+01
1.440000000000000000e+02 1.449241384544372693e+02
4.020000000000000000e+02 4.020000000000000000e+02
6.100000000000000000e+01 6.838098106384276775e+01
1.190000000000000000e+02 1.239076951618194613e+02
1.150000000000000000e+02 1.210103827495574933e+02
6.700000000000000000e+01 7.638752514648437852e+01
2.660000000000000000e+02 2.660000000000000000e+02
3.040000000000000000e+02 3.040000000000000000e+02
6.900000000000000000e+01 7.608926834678649698e+01
3.010000000000000000e+02 3.010000000000000000e+02
1.270000000000000000e+02 1.317122749919891476e+02
3.610000000000000000e+02 3.519326158256531016e+02
3.440000000000000000e+02 3.365718739013672121e+02
2.070000000000000000e+02 2.069116599071323890e+02
1.100000000000000000e+01 1.100000000000000000e+01
1.300000000000000000e+01 1.300000000000000000e+01
1.780000000000000000e+02 1.796436811699867349e+02
8.900000000000000000e+01 9.491353427124023767e+01
1.100000000000000000e+01 1.100000000000000000e+01
1.350000000000000000e+02 1.350000000000000000e+02
4.040000000000000000e+02 4.040000000000000000e+02
1.110000000000000000e+02 1.110000000000000000e+02
4.040000000000000000e+02 4.040000000000000000e+02
1.580000000000000000e+02 1.580000000000000000e+02
1.100000000000000000e+02 1.158661861743926949e+02
1.160000000000000000e+02 1.196675640029907299e+02
4.000000000000000000e+01 4.000000000000000000e+01
1.390000000000000000e+02 1.429408565235137871e+02
1.410000000000000000e+02 1.448592779655456582e+02
1.700000000000000000e+01 1.700000000000000000e+01
3.600000000000000000e+01 4.595787840652465661e+01
1.170000000000000000e+02 1.170000000000000000e+02
3.050000000000000000e+02 2.996401782913208081e+02
6.900000000000000000e+01 7.439113050079345157e+01
1.600000000000000000e+02 1.628011726741790710e+02
8.800000000000000000e+01 9.414936595535277775e+01
7.400000000000000000e+01 7.911688588333129246e+01
9.300000000000000000e+01 9.300000000000000000e+01
3.430000000000000000e+02 3.345740789070129608e+02
1.220000000000000000e+02 1.266980459270477297e+02
2.000000000000000000e+01 2.000000000000000000e+01
1.700000000000000000e+02 1.700000000000000000e+02
2.050000000000000000e+02 2.028014741640091074e+02
1.000000000000000000e+01 1.000000000000000000e+01
1.200000000000000000e+01 1.200000000000000000e+01
3.930000000000000000e+02 3.930000000000000000e+02
1.000000000000000000e+01 1.000000000000000000e+01
1.270000000000000000e+02 1.313191329936981333e+02
1.650000000000000000e+02 1.667332381401062094e+02
1.010000000000000000e+02 1.066667692756652883e+02
2.930000000000000000e+02 2.930000000000000000e+02
3.100000000000000000e+01 3.100000000000000000e+01
3.080000000000000000e+02 3.080000000000000000e+02
4.050000000000000000e+02 4.050000000000000000e+02
3.600000000000000000e+02 3.519570548133850139e+02
1.840000000000000000e+02 1.854350595850944501e+02
4.090000000000000000e+02 4.090000000000000000e+02
3.710000000000000000e+02 3.710000000000000000e+02
3.600000000000000000e+01 3.600000000000000000e+01
1.440000000000000000e+02 1.470983241205215393e+02
3.240000000000000000e+02 3.240000000000000000e+02
4.010000000000000000e+02 4.010000000000000000e+02
3.100000000000000000e+01 3.100000000000000000e+01
