6.400000000000000000e+01 6.852600187620519989e+01
6.400000000000000000e+01 6.885074925071963037e+01
6.400000000000000000e+01 6.889206796833872204e+01
6.400000000000000000e+01 6.957978057977130959e+01
1.040000000000000000e+02 1.042455805587479603e+02
1.040000000000000000e+02 1.043459370168633740e+02
1.040000000000000000e+02 1.054423065715070322e+02
1.040000000000000000e+02 1.063398132642064837e+02
1.440000000000000000e+02 1.387808626830577907e+02
1.440000000000000000e+02 1.391305133433835124e+02
1.440000000000000000e+02 1.409524260712901764e+02
1.440000000000000000e+02 1.410005984702069100e+02
1.840000000000000000e+02 1.735671512145996189e+02
1.840000000000000000e+02 1.739626661144603474e+02
1.840000000000000000e+02 1.752001851722853587e+02
1.840000000000000000e+02 1.760358631624742145e+02
