1.470000000000000000e+02 1.502735305165350326e+02
1.870000000000000000e+02 1.875834526845358425e+02
2.270000000000000000e+02 2.256354932379350089e+02
2.670000000000000000e+02 2.642907990056446579e+02
1.470000000000000000e+02 1.502546234606540452e+02
1.870000000000000000e+02 1.883061832653619376e+02
2.270000000000000000e+02 2.259572730771122338e+02
2.670000000000000000e+02 2.637198960678100548e+02
1.470000000000000000e+02 1.499684879315644537e+02
1.870000000000000000e+02 1.876769480039103257e+02
2.270000000000000000e+02 2.257092905674775523e+02
2.670000000000000000e+02 2.637462081134730170e+02
1.470000000000000000e+02 1.479843133424115535e+02
1.870000000000000000e+02 1.864807844559994976e+02
2.270000000000000000e+02 2.250316143601536680e+02
2.670000000000000000e+02 2.643857087144851903e+02
