-2.354751593366954943e-18 1.799026503437580957e-02
3.625301014248405451e-19 3.120156133320252378e-02
2.547875105340935420e-18 6.091114445623171947e-03
-1.569043831493865948e-17 2.911772762314513222e-02
-8.944667923005411581e-19 -2.847736408831561938e-03
2.910405206765775965e-18 1.262252950299140065e-02
1.097754699641573239e-18 3.690208101639511074e-02
-3.964114193150125587e-19 1.752384022184276828e-03
8.766791004082008509e-18 7.709935967424309507e-04
7.028679396316184214e-18 2.044528256317701409e-02
-4.878909776184769953e-18 4.094788217560061533e-02
-3.233294166259115254e-17 -2.501074292690967649e-02
5.576864924722313432e-18 -5.079352867953867978e-02
-9.673116257644109872e-19 3.697442165219724797e-02
2.778268066994105112e-19 5.978431320465373011e-02
-3.604972223514302243e-18 -8.851149991971974176e-03
