1.000000000000000000e+00 9.234610721825410318e-01
1.000000000000000000e+00 9.391401984189877705e-01
1.000000000000000000e+00 9.858108028362079223e-01
9.999999999999998890e-01 9.711046290206772902e-01
9.999999999999998890e-01 9.336746727642896149e-01
9.999999999999998890e-01 9.550461295549020901e-01
1.000000000000000000e+00 9.437983335674549057e-01
9.999999999999998890e-01 9.525597375013048485e-01
1.000000000000000000e+00 9.468300978036419124e-01
1.000000000000000000e+00 9.343821771030170753e-01
1.000000000000000000e+00 9.502122631542305742e-01
9.999999999999998890e-01 9.520383730763328778e-01
1.000000000000000000e+00 9.544450720891336504e-01
1.000000000000000000e+00 9.740783185509974684e-01
1.000000000000000000e+00 9.985558630675763769e-01
1.000000000000000000e+00 9.474884835044752318e-01
