-1.441311263047917457e-17 -7.537536972193252180e-03
1.779033887030047681e-19 4.807594638391875274e-04
-1.639855785884325456e-18 2.101157597794451118e-02
2.836882746944102696e-17 -5.128537741504154979e-02
-2.156440004591041876e-18 2.839674362564472213e-02
9.478933954486061519e-18 1.493789318954655797e-02
1.792533474626913093e-18 2.139219466235749156e-03
-6.180693536996222787e-20 -1.053894726358369643e-02
-4.867263073160023323e-19 -4.614509491425491244e-02
1.071157865097788209e-17 -3.173407607622821119e-02
7.457278067626860185e-18 1.973102082107843283e-02
-2.378383812595349922e-17 3.092413336759140124e-02
-3.402700755709975322e-17 -7.509515957008063014e-02
-1.021521734388686209e-18 -1.204556666299227141e-01
9.966867283751901230e-17 -3.439348633368886216e-02
1.737942201176373436e-17 8.194063367015740409e-03
