9.999999999999998890e-01 8.867569981833314241e-01
9.999999999999998890e-01 9.115803745079641418e-01
9.999999999999998890e-01 8.746819476236644686e-01
1.000000000000000000e+00 8.520638771377727627e-01
1.000000000000000000e+00 8.891096599992522886e-01
1.000000000000000000e+00 8.453921288701018444e-01
1.000000000000000000e+00 8.970428804587343707e-01
1.000000000000000000e+00 9.039881333851099710e-01
9.999999999999998890e-01 8.329659134794609177e-01
9.999999999999998890e-01 8.490504334605858405e-01
1.000000000000000000e+00 8.494830812649040164e-01
9.999999999999997780e-01 8.573956357778924620e-01
9.999999999999998890e-01 8.768634535133142949e-01
1.000000000000000000e+00 8.452986562070521348e-01
1.000000000000000000e+00 8.315628393133797092e-01
1.000000000000000000e+00 8.797465569601156110e-01
