1.413482939956661444e-17 2.119098108035642400e-02
-2.356059720569015695e-18 7.031310326006255012e-04
-9.233785532729103522e-18 3.277949654849347111e-02
-2.022756323832123012e-16 -8.685445911823878873e-02
7.678938376550491828e-18 3.318762075155815006e-02
6.766959450504406257e-18 2.133052411313312441e-02
2.077436641996083939e-17 6.452364936367571517e-03
-3.954193116750395374e-17 -3.303449778799186351e-04
1.395053999704972065e-17 -4.608145529590011724e-02
-2.418022059866642663e-17 -4.915865103173723549e-02
-2.533549977803126655e-17 1.772143670638492291e-02
2.235399363399588787e-17 2.596355756976376564e-02
-7.488640044060790718e-17 -7.831624560538801016e-02
2.272029833199889603e-17 -1.095970029823250536e-01
7.859353123691134689e-17 -1.102267348396877150e-01
-2.772670663785473401e-17 7.573287234521970147e-03
