-3.279711571768650913e-18 -4.409067948843778395e-02
2.364915988734006547e-18 2.225123606418803052e-02
3.371191130072115349e-19 -1.039195790662411287e-02
4.133520782600985655e-18 8.245689231795365337e-02
-8.944667923005411581e-19 -2.212143679739820169e-03
2.910405206765775965e-18 1.579362552251268800e-02
1.097754699641573239e-18 3.877542313314331912e-02
-3.964114193150125587e-19 -2.067382561538921089e-04
8.766791004082008509e-18 1.906099495765549347e-03
7.028679396316184214e-18 2.094111840690457069e-02
-4.878909776184769953e-18 4.446045203365485421e-02
-3.233294166259115254e-17 -2.749590610006459948e-02
-6.383240290508407355e-18 -9.938704418820329400e-02
-4.716279450311944288e-18 -8.674325441486096036e-03
3.577867169202164632e-18 7.516923800183393511e-02
-1.155352940054865662e-18 -1.388792353879052428e-02
