1.470000000000000000e+02 1.506097329283465172e+02
1.870000000000000000e+02 1.876032337380917170e+02
2.270000000000000000e+02 2.251277848123020817e+02
2.670000000000000000e+02 2.636811780265233551e+02
1.470000000000000000e+02 1.503757354957174357e+02
1.870000000000000000e+02 1.883341257145141014e+02
2.270000000000000000e+02 2.259019376623780033e+02
2.670000000000000000e+02 2.634860126928775799e+02
1.470000000000000000e+02 1.503479190021907073e+02
1.870000000000000000e+02 1.877616598831641852e+02
2.270000000000000000e+02 2.255495674383039102e+02
2.670000000000000000e+02 2.634244818741901213e+02
1.470000000000000000e+02 1.483288285757379015e+02
1.870000000000000000e+02 1.869632298332532798e+02
2.270000000000000000e+02 2.253098847684096313e+02
2.670000000000000000e+02 2.642525968245693662e+02
