9.999999999999998890e-01 9.198064454402351542e-01
1.000000000000000000e+00 9.210085990037939485e-01
9.999999999999998890e-01 9.594861433715147214e-01
9.999999999999997780e-01 9.551109119996300523e-01
9.999999999999998890e-01 9.309309109397894133e-01
1.000000000000000000e+00 9.528636995177222069e-01
1.000000000000000000e+00 9.410022417676706663e-01
9.999999999999998890e-01 9.503606980255266956e-01
1.000000000000000000e+00 9.397498398048924617e-01
1.000000000000000000e+00 9.269920411695132811e-01
1.000000000000000000e+00 9.415865072658176071e-01
1.000000000000000000e+00 9.537395330534793603e-01
1.000000000000000000e+00 9.648033063309017221e-01
9.999999999999998890e-01 9.599323243472587253e-01
1.000000000000000222e+00 9.630801297067815847e-01
1.000000000000000000e+00 9.480636934272903549e-01
