9.999999999999998890e-01 9.376434981129401214e-01
1.000000000000000000e+00 1.094278981033610876e+00
1.000000000000000000e+00 1.143601571946637474e+00
1.000000000000000222e+00 1.215274381671169746e+00
1.000000000000000000e+00 8.818768998033020834e-01
1.000000000000000000e+00 8.331481981175444806e-01
1.000000000000000000e+00 8.804325239144823456e-01
1.000000000000000000e+00 8.995002832806767712e-01
9.999999999999998890e-01 8.240729737451706338e-01
9.999999999999998890e-01 8.441613429615453246e-01
1.000000000000000000e+00 8.441128634232420991e-01
9.999999999999997780e-01 8.494227745044824474e-01
1.000000000000000222e+00 1.242067148829280043e+00
1.000000000000000000e+00 1.307818126934506830e+00
1.000000000000000000e+00 1.256380248185845927e+00
9.999999999999998890e-01 1.209168471541219647e+00
