6.400000000000000000e+01 6.884531167452948353e+01
6.400000000000000000e+01 6.935649209027636175e+01
6.400000000000000000e+01 6.873445566571056986e+01
6.400000000000000000e+01 6.844307995875905704e+01
1.040000000000000000e+02 1.045133901567176764e+02
1.040000000000000000e+02 1.047616178273440966e+02
1.040000000000000000e+02 1.058219589532997134e+02
1.040000000000000000e+02 1.068149087626968310e+02
1.440000000000000000e+02 1.387955498106025232e+02
1.440000000000000000e+02 1.391537248239448559e+02
1.440000000000000000e+02 1.411254816672351353e+02
1.440000000000000000e+02 1.412352345988396394e+02
1.840000000000000000e+02 1.754468423146366831e+02
1.840000000000000000e+02 1.765445761959965978e+02
1.840000000000000000e+02 1.785005961954227871e+02
1.840000000000000000e+02 1.784708462040684083e+02
